2.01376
1.99931
1.99428
2.00057
1.97795
2.01439
1.99805
2.03701
2.02319
1.98611
1.95533
1.99931
1.99868
1.96161
1.98234
2.01188
1.99114
2.02256
1.97543
1.98549
2.00811
2.02193
2.01502
1.99994
1.98549
2.03575
2.02696
2.02444
1.95156
1.98423
2.02193
2.00371
1.97983
1.96412
2.01879
1.99554
2.0345
1.98988
2.00999
1.99114
2.02947
1.99931
1.97669
2.02004
1.98297
2.01565
2.02696
1.99554
1.99617
2.0213
1.99051
1.96287
1.96664
2.02381
2.03135
2.00182
1.99114
1.99365
2.00999
1.99365
2.01188
1.9924
2.00811
2.02004
2.04581
2.02256
2.00999
1.97669
2.00182
1.99303
2.00434
2.02821
1.98549
2.00999
2.02193
1.96475
2.00811
2.04832
1.99177
1.988
2.02381
1.99365
1.98549
2.00371
1.98926
1.96664
2.02821
1.98737
1.99742
1.95847
1.98046
2.07031
1.98674
2.02507
1.9635
1.98549
2.01125
2.00496
2.02758
2.00559
1.98737
1.97041
2.0169
1.99491
1.95658
2.03764
2.02821
2.02696
2.01816
1.98926
2.03512
2.00057
2.01502
1.98926
1.97669
1.98737
2.00245
2.00622
1.988
1.95596
2.00811
2.00748
2.04015
1.96287
2.00999
2.00434
1.97041
1.98863
2.03764
1.99805
1.9635
2.0213
2.04643
1.99303
1.96852
1.98926
1.99365
1.97292
1.99428
1.99303
1.98109
2.00622
1.9968
1.97606
2.00748
2.0125
2.02004
2.00999
2.00308
2.04581
2.03324
2.00622
1.99114
2.01439
2.01753
1.96915
2.01627
2.03135
1.95093
2.00434
2.02381
2.01816
2.04895
2.00559
2.0213
1.98674
2.03324
2.00936
1.98549
1.99428
1.98486
1.9924
1.98863
1.99805
2.00936
2.01502
1.98297
1.98046
1.99742
1.98297
1.97041
1.98926
1.99114
2.02193
2.02381
2.02444
2.01627
1.99742
1.97606
2.01376
1.95344
1.95093
1.988
1.9924
2.00434
1.97732
2.00811
1.97858
1.98297
1.9836
1.97606
2.01313
1.99805
1.99365
1.97292
1.95156
2.0169
1.99051
1.98423
1.9635
2.00371
2.02758
2.03638
1.99868
2.00559
1.96538
2.04518
1.99868
2.00371
1.98926
1.96035
2.02444
1.99554
1.96475
2.02193
2.0125
1.99177
1.9836
2.00245
1.99365
2.02444
1.99051
1.97041
2.01313
2.02633
1.98988
1.96915
1.99742
2.02821
2.0213
2.01879
1.97355
2.00245
1.94716
1.97795
1.99617
1.98046
1.9792
1.98549
2.00245
1.9924
2.00119
1.98486
2.01062
2.00245
1.98172
2.00936
2.00559
2.00371
2.03135
1.98988
1.99428
1.98549
1.96915
2.01879
1.99177
1.98109
1.95281
1.93459
2.02444
1.95973
2.01376
2.02696
2.05711
2.00245
2.01816
1.97229
2.01627
1.99177
1.99994
2.00748
2.01565
1.9968
2.01313
1.97481
1.99491
1.99868
2.01502
2.01062
1.99554
2.00622
1.9836
1.97418
1.93899
1.98297
2.02256
2.01502
2.00496
2.00245
2.00873
1.94716
2.00873
2.0125
2.02947
2.02444
2.00748
2.01062
2.00496
2.02947
1.96978
1.98172
2.00559
1.9547
1.9635
1.99177
2.02319
2.03073
2.01125
2.00559
1.98046
1.98988
2.0125
2.01816
2.02193
1.98549
2.00622
2.0125
2.01879
2.03827
1.98423
2.02319
1.99051
2.00245
2.01125
2.02821
2.0257
2.02067
1.98046
1.97732
2.03198
2.00559
1.97292
2.02004
2.01439
2.03073
1.97355
1.99617
2.02633
1.9968
1.98863
1.99114
1.99805
2.01376
1.99554
2.00496
1.94967
2.0257
1.96978
2.02256
1.9924
2.00119
1.98674
1.97104
2.00308
2.04832
2.00873
2.01188
2.01313
2.00182
2.00434
2.01062
2.00559
1.9591
1.99994
1.9836
1.98863
1.97858
1.9968
2.02444
1.99554
2.01188
2.03638
2.03073
2.01816
2.0301
1.95219
1.97229
2.00559
2.00748
1.98234
1.98611
2.0213
1.97543
1.98234
2.03387
1.99742
2.00496
1.98297
1.9924
2.06026
1.99365
1.97166
2.03638
1.95721
1.98549
1.98611
1.98046
1.97481
2.03198
1.98172
2.02821
1.99805
2.02256
1.99177
1.98234
1.99617
1.988
2.01627
2.01816
2.00245
2.0257
2.00434
1.98486
2.02256
1.97543
2.03827
1.99931
1.99994
2.00496
1.99177
1.99051
2.01879
1.98109
2.02319
1.9968
2.0169
1.98423
2.02004
1.98737
2.02821
1.98423
2.01062
2.02696
2.01376
1.99051
2.01627
1.97041
2.02193
2.01062
1.9924
1.99428
2.00496
2.01879
2.01439
1.9968
1.96538
1.99428
2.00622
2.03512
2.01188
2.00434
2.04266
2.01439
2.01062
1.99177
1.99365
2.00622
1.9924
2.02444
1.99491
2.02319
1.9968
2.00936
2.02696
1.97229
1.97481
1.99805
2.00559
2.00245
2.0125
2.01816
2.02256
1.96789
1.988
1.9836
1.98486
2.00245
2.00182
1.98674
1.98172
2.01753
1.94465
1.96601
2.01188
1.98926
2.00119
2.00873
1.99805
1.98674
2.0301
1.99931
2.00434
1.9836
1.98109
2.03701
1.96727
2.01565
1.98611
1.97669
1.98549
1.98234
2.01188
1.99617
1.97418
1.99051
1.98863
1.98486
2.07408
2.00811
2.00936
1.99303
2.02696
2.02947
2.02256
1.98611
2.02004
2.01125
1.98172
2.03512
2.01439
1.98046
1.97481
1.96664
1.98988
1.98737
2.03261
2.00308
1.99491
1.98611
1.98988
2.00559
1.99554
2.03889
1.96538
2.00559
2.04392
2.01502
1.96915
1.98046
2.00434
2.04769
2.00748
2.00434
2.00434
1.96727
1.98172
2.01125
2.02193
1.99931
1.94213
1.99931
1.96852
1.9792
2.02507
1.99868
2.02444
2.00119
1.97606
2.01502
2.0125
2.00057
1.98737
2.00685
1.96475
2.00371
2.00622
2.00245
1.988
1.98611
1.96978
1.99303
2.03073
1.95344
2.04141
1.97732
1.96727
2.00811
2.00308
1.9503
1.99114
1.99177
2.00685
1.97606
2.03073
2.02507
2.03135
1.94465
2.01565
2.01062
2.04643
2.00873
1.98423
1.97104
2.00873
1.97041
2.00559
2.00496
2.02256
1.99931
2.00245
1.99742
1.98549
2.02507
1.95973
2.00999
1.98926
2.01942
1.99617
2.02067
1.99554
1.9792
1.99303
1.99994
2.00434
2.00371
1.98109
1.99303
1.98926
1.99428
1.96475
2.00685
2.02633
1.96915
1.98926
2.04266
2.01942
1.98486
2.0125
1.97481
2.00308
1.99805
2.01439
2.03261
1.9924
1.99303
1.98988
1.96412
1.9591
1.99177
1.97732
1.98549
1.99868
2.01942
1.98109
2.03324
2.00057
1.97104
1.96915
1.98926
2.01376
2.00182
1.98674
1.97229
1.99931
1.9968
1.99428
1.99428
1.96287
1.99554
2.0257
1.96789
2.0125
2.02884
1.96224
1.98297
2.02884
1.99051
2.01627
2.03073
2.00936
2.01627
1.97292
1.99365
2.0169
1.98611
2.00873
1.99931
1.99491
1.96161
2.03135
1.98172
2.02256
2.01627
1.96538
1.99994
2.00371
1.988
1.9591
2.02696
1.97543
1.98988
1.99805
1.98611
2.02067
2.00811
2.0213
2.00434
2.00496
2.0257
2.01376
1.97983
1.98863
2.02507
1.9968
1.98674
1.97041
2.01188
2.0213
1.99177
1.98674
1.97481
2.01062
1.97292
2.03827
1.98737
2.00434
2.01313
2.00873
1.99868
1.96915
2.00308
2.00308
2.02633
2.00434
2.01565
1.94527
2.00434
1.99114
2.00245
1.97795
2.01125
1.98926
1.9968
1.98297
2.0169
1.99428
2.01502
2.01942
2.00308
2.02633
2.05586
2.02319
2.01376
2.01376
1.99805
1.988
1.99177
1.99303
1.99742
1.96601
1.99365
2.00559
2.00873
1.97481
2.00748
2.0169
1.9924
1.98046
1.97983
2.01502
1.98486
2.00434
2.03261
2.01062
1.98046
2.02444
1.99868
2.02758
1.9924
1.99303
1.98234
1.98046
1.99805
2.01753
1.98172
2.01376
1.98172
2.05272
1.99303
2.00873
1.96601
2.02193
2.00748
1.96098
2.01942
2.00622
1.9591
2.00434
1.99554
1.98674
1.99051
2.00371
2.00119
1.99617
1.97166
2.02884
1.98046
1.99994
2.00057
1.95344
2.00371
1.9792
2.00057
1.99554
1.99994
1.98549
1.98926
1.99742
1.98737
1.99177
2.02444
2.00748
2.0301
1.97732
2.04141
2.02633
2.01125
1.97229
1.98611
2.04706
2.01565
2.00685
2.02319
1.9792
1.99805
2.00308
2.02193
1.97229
1.95596
1.99868
1.97166
2.00748
1.95344
1.98423
2.02067
1.99554
1.95344
1.99491
2.01439
1.97292
2.01816
2.03701
2.00873
1.98549
2.03198
1.99554
2.00057
2.01188
2.01879
1.99428
1.99617
2.01879
1.99742
1.99931
1.98988
1.97858
2.03324
1.99303
2.00559
1.99303
2.02004
2.00371
2.01125
2.01376
1.99868
1.98926
1.99742
1.97104
1.98926
1.99742
1.98863
1.9968
2.01062
1.96789
2.00308
2.02193
1.97669
1.99365
1.99303
1.96789
1.96412
2.00999
1.97983
2.01188
2.0213
2.01816
1.96287
2.02067
2.00308
1.97166
2.00622
2.00811
2.01188
1.99554
1.9924
1.97795
2.02507
1.98423
2.02696
2.02633
2.01627
1.94842
1.98988
1.96098
1.99742
2.02633
2.00999
2.01062
2.03575
2.00811
1.98549
1.97166
2.00057
1.98737
2.00559
1.9635
1.99931
2.04078
2.01313
1.97732
2.05586
1.99051
2.00685
2.01879
2.01753
2.02884
2.01879
1.96852
2.00559
1.9591
1.97229
2.00434
2.01816
1.96287
1.99051
2.00057
1.99617
1.96035
2.01753
1.96852
1.98423
1.99868
1.9968
2.00748
1.98988
2.02004
2.00685
2.0169
1.99931
2.00748
1.97795
1.98046
1.97355
2.02256
1.98109
2.00308
1.98988
2.00873
2.00496
2.01439
2.01942
1.99931
2.06403
1.98926
2.04518
2.01125
1.98926
2.01376
1.98863
1.9836
1.99931
1.98737
1.99742
1.96538
1.98109
2.0169
1.99742
1.97418
1.97229
2.02633
2.03198
2.02004
2.02319
2.00999
1.99931
2.00873
2.01313
1.98549
2.02381
1.98674
1.98863
1.97355
1.9836
1.98611
2.0257
2.01565
2.01062
2.00622
1.97543
2.00873
2.02004
2.01816
1.97543
2.02758
1.9968
1.99868
2.00057
2.01879
1.97795
2.00748
1.98046
1.97292
1.98863
2.00559
2.01313
2.01753
2.01502
2.0257
1.97166
1.98234
1.99303
2.00434
1.98423
2.04581
1.9635
2.01188
2.01502
2.00371
2.02758
1.99051
1.98611
1.99303
1.99617
2.02758
2.00559
1.99365
2.02821
2.01627
2.01376
2.00622
1.99303
1.9591
2.00371
1.99742
2.00496
1.97795
1.98674
1.99114
1.97292
2.00434
2.05209
2.01816
1.99491
2.03387
1.99114
1.97166
1.96098
2.02696
1.99303
1.99114
2.00119
1.9968
2.01942
1.98737
1.96601
1.99931
1.99554
1.98549
1.99617
2.01188
1.97481
1.98863
1.95344
1.98737
1.95596
2.02319
2.00434
1.96538
1.9836
2.02633
1.96412
2.00308
1.97732
2.00559
1.95596
1.98297
1.99868
2.02319
1.99994
2.02256
2.01376
1.95784
2.00371
1.95344
2.02821
2.04078
1.99931
2.02696
1.96978
2.00685
2.01313
1.98549
2.00057
1.99114
1.99805
1.96287
2.01125
1.9924
1.99051
2.04078
2.00559
2.01502
1.99742
2.0169
1.95784
1.96287
2.03324
2.01313
1.9792
2.00245
2.01439
1.98863
1.9924
1.98863
1.9792
1.99051
1.97983
1.96224
1.99114
1.98172
1.99868
2.02821
1.9635
2.01439
1.99805
1.98549
2.03073
2.00685
1.95973
2.03135
2.00057
2.00748
1.98737
2.00434
1.96915
1.9591
1.97606
2.02507
2.01125
1.99617
2.00748
2.03575
1.98109
2.00559
2.03952
2.01125
1.96978
2.02256
1.99051
1.9924
1.99742
2.02256
2.01627
2.0213
2.02633
1.99051
2.02758
2.01753
1.97481
2.01816
2.00057
2.0213
1.99805
2.05711
1.99365
2.01439
2.03764
2.01879
1.98863
1.98988
2.00434
1.98611
2.04329
1.97543
1.96098
1.98297
2.02381
1.99303
2.00308
2.01188
1.99805
1.95281
2.04581
2.0125
1.97606
2.02507
1.98549
1.99428
2.03261
1.97795
1.99303
2.00811
2.02319
2.00622
2.02004
1.97166
1.9591
1.9792
1.98046
1.98611
1.98674
1.9924
1.96789
2.01502
2.01502
2.01313
1.9635
2.00496
2.00371
1.988
2.00182
1.9968
2.01188
1.99303
2.01502
1.99114
2.04581
1.98549
2.04266
1.97669
1.97606
2.01125
1.99742
2.03073
2.00182
1.98297
2.03198
1.97481
2.0169
2.04015
2.00182
1.96852
2.01565
1.97732
2.00308
2.01816
2.01565
1.99491
1.9836
1.98988
1.96978
1.97543
1.98926
2.02507
2.00119
2.0213
1.98297
2.04392
1.98549
1.97858
1.96161
2.01313
2.0125
2.01565
2.00182
1.99051
2.01313
1.98863
2.00119
1.98172
1.99994
1.988
1.97104
1.99177
1.99805
2.02821
1.98737
1.97669
1.98297
2.02758
2.01062
1.99868
1.9459
2.00371
2.01879
2.02696
1.99931
2.02067
2.00685
1.99051
2.01376
2.04266
2.01125
2.04204
2.00119
2.00245
2.02067
2.00057
1.96727
1.99491
1.9924
2.00308
1.97292
1.96789
1.9415
1.99303
2.00308
2.01816
2.01879
1.97858
2.00434
1.97041
1.98549
1.93962
1.98737
2.02381
2.02067
2.00685
1.9924
2.02193
1.99365
2.03324
2.00622
1.9924
2.03324
2.00748
1.99428
2.00811
2.00308
1.99868
1.98863
2.01188
2.0213
1.98611
2.0345
2.00057
2.00559
1.99994
2.01062
1.99177
1.9836
2.0257
1.99805
1.95784
2.02319
2.02256
2.00559
2.00559
2.0125
2.0257
2.00245
2.0257
2.01439
2.00057
1.99303
1.99805
1.98423
1.95156
2.00999
1.98234
1.96287
1.9635
1.98926
2.00811
2.01627
2.02758
1.97104
2.0257
2.00371
2.00119
2.01565
2.00685
2.02193
1.95721
2.01879
1.96727
2.00182
2.02758
1.97104
1.98297
2.03387
1.97858
1.98611
1.98611
1.96727
2.00873
2.00434
2.00496
1.97166
1.99303
1.96412
1.97732
1.97166
2.00685
1.97292
1.98737
1.99994
1.93082
1.96852
2.00622
1.98549
1.99994
1.99428
2.00434
1.98172
2.00057
2.00496
2.01125
2.00873
1.98297
2.04581
1.97983
2.00119
2.00182
2.00622
2.03952
1.99742
1.9968
1.96978
2.01125
1.99114
1.98109
2.00873
2.03324
1.98611
1.9968
1.99365
1.98046
2.04581
1.97543
1.97543
2.06088
1.97229
2.02067
2.00245
2.00434
1.988
2.03198
2.01816
2.00999
2.0169
2.04455
1.99114
1.98674
2.00308
2.03387
1.99303
2.00999
2.00811
1.99868
1.99303
1.97292
1.96412
2.00685
1.99177
1.99742
2.00245
1.98234
2.01627
1.99994
2.0345
2.00308
2.03889
1.97166
2.05146
2.02758
1.97418
1.96789
1.98423
1.97292
1.96098
2.00434
2.00057
2.00371
1.9792
2.01502
2.05711
2.00873
2.00685
1.99868
2.00496
2.01502
1.98549
1.97418
1.9792
1.99617
2.01502
1.988
1.99868
1.98486
1.99617
1.99554
2.0125
1.99365
2.04581
1.988
2.00119
1.97418
2.04518
1.98234
1.97543
2.01313
1.99742
1.98737
1.9924
2.00057
2.00811
2.01753
2.00308
2.01753
2.02507
1.99994
2.02884
2.03324
1.97795
2.04141
2.00559
2.02256
2.01376
2.03324
1.97983
2.04581
1.9591
1.95658
1.99428
1.97166
2.02193
1.99994
1.9968
1.99428
2.00748
1.99931
2.00182
2.00371
1.98611
2.02633
2.01188
2.04706
1.97292
2.00496
1.95344
2.00559
1.96727
1.99428
2.04204
1.98109
1.98549
1.9792
2.00057
2.00999
2.03198
2.03198
2.03764
1.99177
2.00308
2.03889
2.01816
2.01627
2.04455
2.00057
2.01565
1.99868
1.99994
1.99428
1.98863
1.96664
1.97041
1.99931
1.99742
2.00559
1.99491
1.98234
2.00748
2.00811
2.01816
2.03638
1.96789
1.98486
1.99114
2.01439
2.0125
1.98737
2.01942
1.99805
1.97543
1.98926
1.98109
2.00936
2.02381
1.98674
1.99805
2.01627
2.00182
1.98109
2.00685
1.98737
1.96601
1.97858
1.98737
2.02193
2.00119
1.97543
2.04958
2.00559
1.98486
2.03261
1.9924
1.96727
1.98674
2.0257
1.9924
1.95658
1.99051
1.97669
2.00119
2.03889
1.96287
2.00308
1.98172
2.01753
2.00308
2.04895
1.96287
1.98674
2.01627
2.0213
1.99617
1.96098
1.95219
2.00182
2.03952
2.00748
2.02319
2.00119
1.95784
2.00057
2.00873
1.98486
2.01942
2.0502
1.97543
1.98737
1.98109
1.988
1.99051
1.99177
1.96412
2.00811
1.99931
2.00371
1.98423
1.98988
2.02821
1.98109
1.9968
2.01439
1.9836
1.98549
2.00371
1.97606
1.98926
2.01942
2.00811
1.96852
1.98737
2.02319
2.01125
2.00685
1.988
2.01062
2.00999
2.04643
1.98109
2.00622
1.96098
1.99742
2.02256
1.97858
2.01188
1.97355
1.97732
2.00873
1.95658
2.01627
1.99491
1.98926
1.97166
1.99554
1.98109
2.00748
2.00245
2.03261
1.98234
2.04204
1.9924
2.03324
1.9792
2.02821
2.01627
2.01125
1.99491
2.00748
1.96915
2.01502
2.02319
2.05272
1.99994
2.03198
2.01376
1.94904
2.01062
2.00559
2.00434
2.00308
1.99491
1.9792
2.00496
2.01627
1.98172
2.01627
2.01502
1.96035
2.01376
1.99051
2.01879
1.98423
2.01062
2.01188
1.9924
1.99051
2.00371
1.99742
2.01565
1.9924
1.99303
2.00119
2.01313
2.00559
2.00182
2.03387
2.00811
1.99428
1.98046
1.99177
2.00434
1.98297
2.00999
1.98737
2.0169
1.96538
1.988
1.99617
1.96224
2.00622
2.02507
2.03638
1.96915
1.9924
2.00811
1.99617
1.98297
2.00182
2.01816
2.01627
2.00057
1.96287
2.0125
2.00622
2.01376
2.03198
2.01502
2.04204
2.04643
2.0169
2.01942
2.01942
1.9968
1.99554
1.98926
1.96852
1.99994
2.01376
2.03387
2.01502
2.00496
1.97606
2.00434
1.96789
2.02067
1.99868
2.0257
2.00811
1.99114
2.00999
1.96915
2.00622
1.9968
1.96789
1.96098
1.98549
1.97669
2.05209
1.99114
2.00685
2.00748
2.00308
2.00119
1.99742
1.99617
1.98423
2.00182
2.00685
1.9547
1.98486
1.99303
1.99114
2.00371
2.01565
1.97166
2.05711
1.98863
1.99114
2.0213
1.99868
1.99994
2.02633
2.00999
2.00434
2.01879
1.99805
1.98549
1.97858
1.97669
1.99303
2.02067
1.99365
2.00748
1.99868
1.9792
1.99114
1.99051
1.99805
2.04015
1.99931
2.00434
1.96852
1.99491
1.9836
2.01627
2.01879
2.00057
1.99617
2.03261
1.98737
2.01062
2.00999
1.97669
2.02507
2.01753
2.00308
2.01313
2.00559
2.02381
1.97669
1.98611
1.9503
2.01942
2.01376
1.97418
2.04204
1.98926
1.99051
2.02067
1.98737
1.96475
1.97104
1.98109
1.99994
1.98109
1.97292
2.03135
1.99931
1.99114
2.03512
1.99868
2.02884
1.99365
2.01062
1.97104
1.97858
2.0257
1.97229
1.97292
1.99114
1.99491
2.01627
2.00873
2.01816
1.98486
2.02444
2.02507
1.96475
1.99428
1.99931
2.02444
2.00999
1.99428
1.9924
2.00308
2.02193
1.96664
2.02067
2.03512
2.01753
1.97795
2.00873
1.98988
2.00685
1.98611
1.98234
2.00119
2.04141
2.00119
2.02633
1.95156
1.99868
2.00559
2.00748
1.96475
2.02884
2.0213
2.00308
1.99994
1.98172
2.02696
1.99931
1.96538
2.01313
1.98549
1.99805
2.00685
2.00308
1.95847
2.00119
2.01313
2.00434
2.06277
2.00496
1.96789
2.00999
2.02381
2.00245
2.01816
2.00811
2.04266
1.98486
1.9968
1.96915
1.95847
1.99994
2.02067
2.01062
1.98674
1.96915
1.96915
1.96789
2.01188
2.06717
1.9503
2.04204
2.00496
2.02507
2.00622
2.00811
1.99617
2.00182
2.05083
2.00371
1.97795
1.988
2.01753
1.98549
1.99114
1.96601
1.98172
1.98737
2.00685
1.9792
2.01879
2.00873
1.98863
2.00496
2.00308
1.98988
1.98988
2.00873
1.96664
2.00182
1.94465
2.00434
2.00371
2.00811
2.01188
2.01879
1.99868
1.9836
2.01565
1.99303
2.00936
2.02256
1.96224
1.97858
2.00811
2.01439
1.97795
2.00936
1.9924
2.00559
1.98297
1.97669
2.01062
1.98486
2.01816
1.98486
2.02696
1.96475
1.9968
2.0125
1.96915
2.02193
1.96789
2.00748
2.00811
2.01565
2.00245
2.03764
2.05209
2.03575
2.01376
1.99491
2.0125
1.98863
2.00057
1.98611
2.01942
2.00434
2.01816
2.00622
1.97669
1.99742
2.01439
2.01502
2.01627
2.00308
2.00685
2.00622
2.02004
1.99805
2.02758
1.98988
1.99805
2.0257
2.02507
1.97795
1.99554
1.98423
1.99114
2.02884
1.96098
2.01942
2.00057
1.97355
2.01313
2.01565
1.98674
2.01188
2.00308
2.02758
1.99994
1.98423
1.96035
2.01313
2.00434
1.99491
2.02758
1.98423
2.00182
2.0169
2.00496
2.02319
2.01502
2.00936
1.97418
2.01062
2.01188
1.95847
2.01376
1.95344
2.01376
2.04455
1.99805
2.01313
2.00434
2.01565
1.97669
1.97732
1.98297
2.02004
2.0213
1.96789
1.98988
1.96601
1.97983
2.00057
1.99931
2.01502
1.98046
2.02193
1.99365
2.01188
1.99114
2.00936
2.0301
2.00873
1.99742
1.988
1.95847
1.97166
1.99617
2.00559
1.99114
1.97543
1.99931
1.98926
1.97481
1.97983
2.01188
2.01125
2.04518
1.97606
1.96287
2.00936
1.99177
2.00748
2.03073
1.99428
1.9924
1.96915
2.00245
2.01753
1.98988
2.01942
1.99365
1.99177
1.99742
1.97418
1.96978
1.96412
2.01627
1.96287
2.01188
2.00119
1.98172
1.9836
1.96852
2.00057
2.02507
1.97606
1.98611
2.00559
1.98611
2.01188
1.97669
2.02067
2.04643
2.03387
2.03198
2.03198
2.02821
1.99177
2.02193
2.0301
1.99805
2.00496
1.98297
1.99617
1.97292
1.96852
2.00434
2.02947
1.96727
1.98737
1.99931
1.99805
1.96287
1.98046
2.01125
1.97229
1.97229
1.97481
1.97732
1.94716
1.99931
2.01188
2.01942
2.0257
2.02947
2.03575
2.00748
2.02758
2.02004
2.00057
1.97795
1.99931
2.02067
2.03135
1.99114
2.00622
2.01188
1.97606
1.99868
1.96601
2.01439
1.99051
2.00622
1.98988
1.99177
1.97606
2.00496
2.01565
1.99805
1.9924
2.01879
2.01188
1.97669
2.03073
1.99994
2.01062
2.02696
2.0213
2.00496
1.99742
1.96727
2.02507
2.02633
2.05649
1.98674
1.96978
2.01502
2.01188
1.98172
2.01125
2.0169
1.97795
2.01565
1.99994
2.0125
2.00496
1.98549
1.9924
2.00811
1.988
2.02444
1.99554
1.96727
2.02947
1.99805
1.96035
2.01313
2.01188
1.99742
1.98926
2.02507
2.03073
1.99805
1.98611
1.9836
2.01188
1.98046
2.00496
1.97355
2.02381
2.02947
2.02884
1.96852
1.94465
1.9968
1.95973
1.99742
1.9968
2.00685
1.97732
1.99114
1.96161
1.98172
1.94276
1.97292
2.02633
1.98046
1.98737
1.96852
1.98988
1.98297
1.98737
1.99742
1.96978
2.00496
2.00936
1.96161
2.00182
2.03198
2.02444
2.00496
1.9968
2.0125
1.96852
1.97355
2.01627
1.97606
1.98234
2.00119
2.00434
2.01565
1.95533
1.98172
2.01313
2.01879
2.02004
1.97732
2.02256
1.99051
1.9792
2.00371
2.01313
2.01627
2.01942
1.98674
1.95784
2.02758
2.01816
2.04078
2.03073
1.98611
2.01502
2.00245
2.01502
1.94402
2.00057
1.9792
2.01439
1.98486
2.02821
1.99303
1.99491
2.00811
1.97669
2.03387
1.97606
2.01627
2.00496
2.01565
2.01502
1.99742
1.98611
1.99742
1.9968
1.96224
2.01439
1.9924
2.00873
2.00245
1.99428
1.99428
1.9635
1.9836
2.03827
1.98988
2.00496
1.99177
2.00811
2.01753
2.01565
2.00811
2.03889
1.99805
2.01565
2.02821
1.99177
2.00748
1.99491
2.02507
1.97669
1.97732
1.97858
2.02256
2.0502
2.00182
1.98737
1.99805
1.98423
2.00559
1.96538
2.00873
1.9924
2.00434
2.00873
2.02696
1.97166
2.03073
2.04832
2.01565
2.0301
1.97041
1.98109
2.02696
2.0257
2.02004
2.00559
2.00119
1.98486
2.01062
1.99742
1.9968
1.96601
2.00057
1.98863
2.01188
1.99931
1.99491
1.99365
2.0125
2.03073
2.00371
2.0213
2.04706
1.98549
1.9792
2.01376
2.00371
1.99303
2.00873
2.02256
2.01188
1.99931
2.00119
2.0502
1.99491
2.00559
2.00119
1.99177
1.9792
2.01376
2.00057
2.00559
1.97983
2.02696
2.00308
1.97166
1.98988
2.0213
2.00182
2.04392
1.99051
2.03952
2.00936
1.99303
2.03198
1.99303
1.98172
1.97983
1.9836
1.98926
2.01062
1.98674
2.03952
2.00496
2.04518
2.00308
2.02319
1.97543
1.99554
2.02633
2.03638
2.01125
1.988
2.02381
2.00245
2.00057
1.96287
2.02256
1.97543
2.00873
2.00182
2.01879
2.00748
1.99303
1.96287
2.02381
2.02319
1.98988
1.988
2.01627
2.03073
1.99868
2.01627
1.9503
1.99177
2.00748
1.94527
2.00936
1.99805
1.95973
1.99805
2.03073
1.99742
1.96852
2.00245
2.01376
2.0169
2.01942
2.0345
2.03135
2.00057
1.98046
1.99805
2.03889
2.00811
1.99177
2.01125
1.99742
2.00999
1.99303
2.01125
2.02193
2.00873
2.02884
1.98549
1.96852
1.9924
1.98297
1.99931
1.99931
2.04078
1.98926
2.00559
2.02758
2.02884
1.97795
1.98297
2.01125
1.99617
1.98988
1.94465
1.97858
2.00559
2.01313
1.97481
1.99114
2.02004
2.01816
1.9968
1.99428
2.03198
2.00057
1.95847
1.99365
1.93773
1.96475
2.00559
2.0169
2.00308
1.97983
2.04015
1.95219
2.0213
1.98234
1.97795
2.01565
1.99868
1.9792
2.00559
1.99365
1.9635
2.01879
1.96915
1.98046
1.98674
2.00245
2.00434
2.02633
2.00811
1.988
2.0125
1.98046
1.98863
1.96727
2.00245
1.98926
1.98423
1.9968
2.01753
1.99868
2.00748
1.98863
2.00811
2.00873
1.99994
2.02758
2.00999
2.00371
2.01502
2.00245
2.00496
2.02067
2.00182
1.99617
2.03701
2.00308
2.02821
1.99994
2.00811
2.01879
2.04518
1.97669
2.00308
2.03324
1.98549
2.02256
2.01942
2.00245
1.99303
1.97858
2.00371
2.00748
1.99617
2.02256
2.02319
2.01753
1.98234
1.9836
1.99554
2.01188
2.00873
1.98109
1.99742
2.02319
2.00873
2.04958
1.99365
1.97481
1.98297
1.99931
1.9968
1.99491
1.99868
1.95721
1.99554
2.03764
2.01627
2.03387
1.99617
1.9836
1.98988
2.00748
1.988
2.03198
2.06151
2.03324
1.99931
1.98674
1.97229
2.04392
2.05272
2.02067
2.02884
1.96915
2.01502
2.00936
2.02256
2.03889
2.00685
1.9792
1.97166
2.00434
1.99428
1.98234
2.02193
1.99303
2.04581
1.98737
1.98988
1.99868
2.0169
2.00685
1.99994
1.97858
1.98863
2.00496
1.96538
1.988
1.95658
2.02821
1.97229
2.03701
1.95721
1.96161
1.99114
1.95533
2.03575
1.99491
1.99177
1.98863
2.03638
2.01313
2.01565
1.9836
2.00245
2.01627
1.9792
1.98423
2.00057
2.00559
2.02256
2.02067
1.98486
1.97983
1.97732
2.04832
1.97732
2.01816
1.98172
2.00622
1.97543
1.97606
1.97732
1.97166
1.98926
2.02256
1.96538
1.97292
2.0169
1.98611
1.99617
2.01313
1.98737
1.98674
2.02067
2.00182
1.95658
1.99742
2.00999
1.98172
2.00057
1.99805
1.97732
1.99491
2.00999
1.99491
1.98611
2.01376
1.98486
2.03135
2.02381
1.97355
1.93271
2.01376
1.98297
1.97543
1.98988
1.97732
1.95156
2.0345
1.98486
1.99554
1.97983
1.99114
1.98297
2.02067
1.97983
1.94653
1.99931
2.0345
2.01439
1.98611
1.96224
1.98988
1.97983
2.00811
2.00245
1.988
2.00119
2.04078
1.9836
2.01565
1.94967
2.00245
2.01753
1.98109
2.00936
1.99114
2.01565
2.0345
2.00559
1.99051
1.9968
1.95219
2.01125
1.99742
1.96978
1.99303
2.01062
1.99491
1.9924
2.01816
1.98046
1.97795
1.99365
1.96601
2.03324
2.01188
2.01313
1.98926
1.95093
1.99303
2.01439
1.97858
1.98988
1.99114
2.01188
1.99491
1.99428
1.98549
2.0257
2.03198
1.96601
2.00999
1.98926
1.99742
1.96098
2.03324
2.03198
2.0213
1.97606
2.03387
1.98234
1.96475
2.00936
2.00748
2.01753
1.98109
2.00936
1.97858
1.98549
2.03952
2.01942
1.97166
2.00434
1.99114
1.99051
1.98863
2.03764
2.02758
1.9836
2.00496
2.02193
1.99365
1.9635
1.99617
2.01627
1.99805
2.00371
2.01816
2.00811
1.99805
2.04266
1.98549
2.03952
1.99554
1.97669
2.00182
1.98549
1.99491
1.98234
1.95973
1.98674
2.03261
2.00622
1.99051
1.99177
1.97795
2.02884
2.00182
1.9968
2.01125
1.9836
2.04958
2.02821
1.99931
2.02507
1.98988
2.02319
2.02067
1.97983
1.99868
2.00434
2.00245
2.03387
1.99491
1.99805
1.96098
2.00182
2.02444
2.02193
2.00748
2.00371
1.97418
1.9968
2.0213
1.97166
1.99617
1.97795
2.05523
1.95596
1.98674
1.97041
2.05272
1.99994
1.9635
2.00999
2.03889
2.00119
2.00182
1.98674
1.96727
1.96224
1.98611
2.00496
2.0257
2.00622
1.99114
2.01376
1.98486
1.99114
1.99742
1.97104
1.97669
1.9924
1.97795
1.99931
1.96601
1.98863
2.02004
1.97732
2.00308
1.96978
1.98988
2.01627
1.97166
1.98926
2.0169
2.03512
1.9968
1.99554
1.99554
1.94967
1.95093
1.99491
1.99177
1.988
2.01439
2.03324
1.98234
2.01753
2.00057
1.96727
2.00685
1.97104
1.99491
2.04015
1.9924
1.97104
2.00873
2.02758
1.97983
1.98737
2.03764
1.9924
1.98988
2.0125
2.00245
2.0125
2.03512
1.95658
2.00873
1.99428
1.97292
1.98423
1.96789
2.01313
2.02256
2.01627
2.02067
2.01313
2.00057
1.99491
1.9924
1.99491
1.97355
1.99994
1.98046
1.98863
1.99303
1.98549
1.9792
1.96727
2.0125
2.00057
2.04141
2.00622
1.98737
1.988
2.0125
2.00685
2.02319
2.01816
1.97669
1.99742
2.05397
1.9924
1.97229
1.99491
1.98737
2.02947
1.99554
2.01313
1.98926
1.96224
2.00559
1.99303
1.98549
1.9924
1.99177
2.02319
1.98109
1.97983
2.01062
2.03324
2.01188
2.04204
1.98863
1.98486
1.99805
2.03764
1.97669
2.01188
2.0301
1.98297
2.02004
2.00245
2.03701
2.01313
1.97543
1.98297
1.99617
1.97858
1.97983
2.01188
2.00496
2.00434
1.99931
2.00685
2.01753
1.96978
2.01879
2.01188
1.99365
1.98737
1.99805
1.96098
1.98423
1.99177
2.04643
2.00308
1.99554
2.00999
1.98423
1.9792
2.00685
1.97355
2.01313
1.99742
1.97543
1.98737
2.0169
1.9924
2.02067
2.00811
2.02067
1.98674
1.99617
2.00936
1.95156
2.02507
1.99303
1.99805
1.95407
2.01062
1.99114
2.0125
1.97041
2.01816
2.00182
1.99177
1.98926
1.99742
2.01439
1.97732
2.00434
1.98297
2.03135
2.01062
1.99491
2.0257
2.00182
2.00685
2.00622
2.00936
2.01125
2.00999
2.01816
2.00371
2.02758
2.00434
2.01942
1.98549
2.01188
1.98674
2.01627
2.03701
1.98611
1.98863
2.0257
1.99617
1.98549
2.01125
2.01942
2.02507
2.02884
2.01439
1.97669
1.97732
2.00434
1.99805
1.96098
1.98109
2.01879
2.04706
2.01879
1.99177
2.06591
1.99931
2.0502
2.02507
2.00119
2.01376
2.02381
1.99554
1.99805
2.03387
2.00873
1.96978
1.99114
2.01125
2.00748
2.01942
2.03387
1.98172
2.00119
2.04392
1.98926
2.04078
1.98423
2.00811
2.02004
2.01753
2.0546
2.00308
2.00748
2.00371
1.99554
1.97543
1.98297
2.01062
2.02947
2.01753
2.00308
1.99805
1.98109
2.01188
1.98172
1.99428
2.00308
1.97355
2.00182
2.01816
1.96664
2.02507
2.00245
1.98423
1.9792
1.95596
1.96664
2.0169
1.97983
2.01313
2.02507
1.99994
2.01627
2.01879
1.99177
1.98926
1.96161
2.00685
1.97229
2.02067
2.00434
2.00685
1.9836
1.97355
1.99303
2.01627
1.9836
2.02067
1.98611
1.97669
2.00811
1.95784
1.99554
1.97543
1.98109
2.00496
2.01125
2.01879
1.99617
1.96789
1.98611
1.97858
2.01627
2.00182
1.988
2.04392
2.0169
1.96664
1.99177
2.02758
1.96789
1.99051
2.00434
2.02067
1.99805
1.96224
1.99365
2.00811
2.01502
1.99742
1.98988
1.99805
1.99868
2.01313
2.00622
2.03135
1.98926
2.02067
1.98109
1.99805
2.03764
1.98109
2.00999
1.99868
2.00371
2.00245
1.99114
1.98988
1.98172
1.98674
1.9968
2.01439
2.00245
2.01188
1.99177
2.01879
2.01313
1.97418
2.0125
2.01313
1.98549
2.01062
2.04078
2.00496
2.01125
2.0257
1.97983
2.00308
2.01376
2.02758
1.9968
1.99491
1.98109
2.00245
2.01502
1.97355
1.99303
2.00748
2.00245
2.00308
2.00434
2.0257
1.99868
2.00936
1.98234
2.00999
1.97229
2.02319
2.03324
2.01439
2.02319
1.99365
2.00685
2.03827
2.02004
2.01565
2.03073
1.99868
2.00434
2.00371
2.01502
1.99051
2.00308
1.98234
2.00999
1.99868
1.9836
1.98046
1.98109
2.02193
1.97858
1.99805
2.01879
2.03889
2.01753
1.99114
1.97669
1.98297
2.0125
1.93899
2.00622
1.97606
2.02696
1.97795
1.97795
2.01313
1.97418
1.99177
1.99491
2.04078
1.97229
2.00245
1.99428
1.98297
1.99365
2.04581
2.02696
1.98423
2.00496
1.96664
1.97543
1.95973
2.02884
2.00811
2.03512
2.00748
1.98046
2.03073
1.98423
1.98172
1.99554
1.99994
2.06465
1.97481
2.0125
1.988
2.04706
2.0169
2.01188
1.97606
2.04769
2.0213
1.98863
1.99742
1.99177
2.00308
2.01188
1.9968
1.96098
2.03889
1.98486
2.00999
1.99931
1.97481
2.0213
2.04643
1.97481
1.99742
1.96475
2.0213
2.01565
2.02193
2.03387
2.00999
2.00622
1.99554
2.00057
1.98046
2.01502
1.99365
1.99805
1.97543
1.96727
1.99554
1.99303
1.99994
2.01627
1.98863
1.99114
2.00999
2.04266
1.99428
1.99303
2.01439
2.01942
1.99868
1.98674
2.01376
2.00496
1.9968
2.01879
2.02256
2.00999
2.01502
1.96538
2.00559
1.9968
2.00873
1.98109
1.98297
2.01125
2.00811
1.9635
1.99114
1.98611
1.97606
2.02633
1.97795
2.01439
1.95533
1.99554
2.03575
2.03198
2.01188
1.95344
1.98172
2.03073
1.99554
2.02758
2.02947
2.02633
1.98109
1.96915
1.99428
2.0345
2.01439
2.00057
2.02004
2.00434
2.0125
2.00371
1.97858
1.95596
2.00057
1.98423
1.98926
1.99491
1.99868
1.97858
1.98926
1.97166
2.04643
1.95784
1.99931
1.99365
2.00622
1.97229
2.02319
2.03073
2.01062
1.97606
2.01627
2.0213
1.9924
2.02507
1.99931
1.9792
1.95973
1.98423
1.99491
1.96664
2.05334
1.99805
2.03764
1.98297
1.97732
2.01816
1.96789
1.9968
2.0169
1.99805
1.988
2.00308
1.96601
1.99365
2.00748
1.98423
2.00182
2.02193
1.97229
1.98926
2.02067
1.98674
1.97983
2.01942
1.99365
1.99742
1.98674
1.98549
2.00496
2.00873
1.96412
1.96789
2.03073
2.02821
1.98046
2.00936
2.01753
2.01942
2.01313
2.02319
1.9968
1.96475
1.9924
1.97166
1.97983
1.95847
2.03889
1.99617
1.98172
1.99365
1.99994
2.00685
1.98549
2.01376
1.95407
1.94904
1.99051
2.03073
1.97418
2.00182
1.97858
2.00434
2.02507
2.00873
2.01942
1.97041
1.9968
2.01879
2.00245
1.98549
2.03198
2.02004
1.988
2.03889
1.97041
1.98611
1.97732
1.9591
2.02444
1.99428
2.00496
1.99365
2.00559
2.03952
1.9635
1.98234
2.02884
2.00308
2.01376
1.96412
2.00622
2.0213
1.99114
1.99868
1.99742
1.99994
2.01502
1.99931
2.01125
2.01942
2.01565
1.9792
1.97166
1.99303
2.03261
1.98109
2.0169
1.97858
1.98863
1.97292
2.0257
2.00496
2.01753
1.98423
1.99994
2.02758
2.00371
2.04078
1.99742
2.0125
2.00371
1.99617
1.98674
1.99868
2.01816
2.03638
1.9635
1.95407
1.9792
1.97858
1.94904
1.96601
1.9968
2.01188
1.99805
2.01627
2.03324
1.98109
2.00873
2.01188
1.99114
2.02381
2.02004
1.9924
1.99365
2.03073
1.98863
2.03638
2.01313
2.02507
1.98863
1.96852
1.9924
2.01816
2.04204
1.98737
2.00811
1.99805
1.99051
2.01502
1.97669
2.04329
2.02821
1.96664
2.0257
2.00685
1.97166
2.00057
1.97795
1.94967
2.00873
1.99177
2.02947
2.01313
2.02193
1.98863
1.9836
1.99805
1.98172
2.0213
1.98046
2.0502
1.97795
2.03387
1.97606
1.99365
1.98109
2.04329
2.02947
2.02758
2.05083
1.99051
2.04204
1.98297
1.99868
1.96161
2.01942
2.00559
2.01565
2.01376
1.99805
2.00685
1.9968
1.99868
1.97983
2.01942
1.99051
2.01062
2.0169
2.00999
1.95847
2.00371
1.96224
2.02758
2.02319
2.0125
2.00434
1.9968
2.02067
1.99491
1.99931
1.99617
2.00936
1.9635
2.02947
1.96538
2.0345
1.99617
2.03261
2.00182
2.01188
2.01439
1.95847
2.01753
2.01942
2.01125
2.00999
1.98863
2.0257
1.96601
1.97229
2.03889
2.00057
2.02319
2.01627
2.03135
1.99114
2.00811
2.03198
1.98863
1.96852
2.03198
2.02004
1.99805
2.00119
2.02256
1.98737
1.97732
1.96601
1.98674
1.97795
2.03135
1.99931
1.99491
2.00057
1.98297
2.03198
1.99303
2.01313
1.98674
1.97418
1.99994
1.98172
1.97166
1.98926
2.04643
1.98863
1.94339
1.98297
1.97041
2.00182
1.97355
2.00182
1.99303
1.99303
1.94842
1.9836
2.01125
1.98486
1.97983
1.99114
2.00685
2.00496
1.96475
2.00748
2.04769
2.00057
2.01188
2.00685
2.01753
1.99303
2.01439
1.97041
1.99617
1.9968
1.99868
2.0125
1.96224
2.01942
1.98674
1.99177
2.01125
1.99303
2.03638
2.00182
1.97229
1.9968
2.0213
2.01816
1.9459
1.98674
2.04078
2.01627
2.01125
1.99114
1.97229
1.97292
2.03512
1.99114
2.04643
1.99428
1.96915
2.01188
2.0169
1.988
2.00496
1.99114
1.99428
2.0169
2.00748
1.98297
1.96098
2.00434
1.99617
1.99365
1.97732
1.9924
2.00182
1.9968
2.01879
2.00371
2.0125
1.97732
2.00057
1.97606
1.99051
1.96538
2.03701
1.9968
1.99617
1.99931
1.98486
2.00811
2.01439
1.98863
1.99868
1.99051
1.99868
2.02004
2.02067
1.98926
1.97983
2.00182
1.9968
1.99742
1.96978
1.98737
1.99617
2.02004
2.01942
2.01188
2.01188
1.99994
1.96538
1.99303
1.98863
1.9635
1.99994
2.02193
2.01313
1.96978
1.97292
2.00434
1.98486
1.98674
2.02696
2.00119
2.00622
1.97104
1.96789
1.98926
2.00748
2.03073
1.94842
1.99931
1.97041
1.96978
2.0257
1.99554
2.01565
1.99994
2.02004
1.99617
1.99491
2.01942
1.99868
1.98486
2.01565
1.9924
2.01313
2.02381
2.02381
2.01942
2.00685
2.00308
2.04141
1.98234
1.98046
1.97606
2.02319
1.99491
1.97732
2.00434
1.99177
1.99617
2.00559
2.00936
1.9836
2.00308
2.03135
2.01816
2.00559
1.99303
1.97983
1.97858
2.00371
2.02633
1.99805
2.00685
1.98988
2.00622
2.00622
2.02067
2.00057
2.02633
1.99365
1.99931
1.96915
2.03135
2.01062
2.01502
2.00245
1.99428
2.01313
1.97732
1.9547
1.95721
1.99428
2.00559
2.00371
2.01816
2.0345
2.01565
2.01439
1.99428
1.98674
2.01627
1.98988
2.02193
2.00371
2.00496
2.01627
2.00371
2.03952
1.97606
2.0213
2.02633
2.02444
2.01125
1.988
2.00371
1.99742
2.01816
1.97166
1.98674
2.04141
2.01125
2.03135
1.99554
1.98926
2.03198
2.04769
1.95973
1.99554
1.99303
1.988
1.97104
2.04392
2.06465
2.00748
2.00873
1.99365
1.98172
2.00999
1.98674
1.99177
2.01062
1.99994
1.99365
1.98046
2.02507
2.01627
1.99303
1.988
2.00057
1.96664
2.02256
2.00999
2.03135
2.00119
2.0169
1.9924
2.00559
2.01816
1.96915
2.02319
1.94213
1.98423
1.99868
1.95973
2.03324
1.98611
1.95784
1.98674
2.00559
2.01313
1.98423
1.98549
1.99994
1.95156
1.98486
2.00811
1.99868
2.00936
1.99491
1.99365
1.9968
2.01565
2.02444
2.0125
2.00748
1.92894
2.02381
2.00371
1.94716
2.02256
1.95156
1.97732
1.98863
1.96224
1.97481
2.02758
2.00245
1.97983
1.99868
2.02696
2.02821
1.98674
1.9968
2.04518
1.99491
2.00622
1.99365
1.98486
1.99931
1.99114
1.98109
1.95658
2.02004
2.01816
2.01502
2.00936
2.01376
2.00434
2.01439
2.01627
1.97481
2.01753
1.98988
1.99805
1.99365
2.00371
1.99051
2.00371
1.97606
2.00936
1.97606
2.01565
2.05334
1.93396
2.00308
2.03198
1.9792
1.99428
1.99051
2.00811
2.01565
1.98926
2.0213
1.98549
1.99114
1.9591
1.99177
2.00622
2.01502
2.02444
1.99805
1.96287
1.98172
1.97983
2.0257
2.02381
1.98423
1.98611
1.97229
1.96035
2.05397
2.00496
1.98172
1.98863
1.99742
1.97858
2.01062
2.02633
2.04204
1.95973
2.00936
2.0125
1.97795
2.01753
2.00057
1.97355
2.0213
2.02884
2.00559
1.99554
1.98611
2.02381
1.99051
1.99994
1.96727
2.02067
1.99051
2.00057
1.98297
1.99554
2.00811
1.97669
1.99805
1.99994
1.9924
2.03261
2.04329
2.01062
1.9591
1.9968
2.01753
1.97983
2.02947
1.98737
1.99742
1.99114
1.97606
1.98674
1.96727
1.97669
1.98423
2.02067
1.98611
1.96852
2.03889
2.01627
1.96161
1.98234
1.98674
1.98297
2.00685
2.00999
1.97229
1.96601
1.99617
2.01879
2.04832
2.02004
2.00936
2.02319
1.9968
2.00496
1.98172
1.98234
1.97104
1.98109
1.96035
1.98234
1.96915
2.00308
2.01753
1.96412
1.99365
2.00496
2.00685
1.9968
1.97104
1.99742
1.98926
2.00308
2.00936
2.02004
2.00685
2.02004
2.00308
2.01062
1.99051
2.01816
1.96601
2.03638
2.02947
2.06465
2.00496
2.0125
2.01125
1.99994
1.98423
1.9547
1.97292
1.98674
1.98549
1.96664
2.0345
2.00182
1.97166
1.98863
1.97732
1.99994
1.98737
1.99491
2.00434
1.99742
2.02319
2.03827
2.02821
1.99491
1.97732
1.97229
1.99177
2.03889
2.0169
1.99868
2.00873
1.97229
2.00371
1.97858
1.9968
1.99177
1.99994
2.01313
2.03261
2.00182
2.00685
1.98486
1.98988
1.99805
1.98926
2.02507
1.97418
1.99994
1.97481
2.02444
1.99742
1.99491
2.00748
2.01125
2.02067
2.0169
1.97418
1.99303
1.95533
1.95973
1.99554
1.9924
2.0125
2.02256
1.98737
1.98234
2.00685
1.98863
1.9968
1.96727
2.01376
1.988
2.00622
2.02696
2.0213
2.02884
1.99805
2.01125
2.00308
1.99491
1.97104
2.01502
1.99868
2.00873
1.9792
1.97795
2.02067
1.988
1.98611
2.01942
1.95658
2.01502
2.02947
2.04832
1.988
1.9635
2.00999
1.99742
2.01627
1.93836
1.9924
2.00999
2.00057
1.97292
2.00434
2.01879
2.0125
2.00559
2.02319
2.00434
2.00119
1.98172
1.98926
1.99177
2.02381
1.98988
1.99365
1.99994
2.02004
2.02507
2.00245
1.99617
2.00999
1.98423
1.97041
1.96161
1.99365
1.9635
1.97355
1.97229
2.00308
2.00371
1.96978
1.99868
1.99742
1.988
1.98549
2.02633
1.97795
1.98674
1.9547
2.02507
2.01879
1.98172
2.01502
1.98297
2.02319
2.04895
2.01439
2.00371
2.01879
1.988
2.01376
2.01502
1.99365
1.988
2.01627
2.01942
1.99994
1.97858
1.99051
2.00936
1.98611
1.97292
2.03575
2.01439
2.00936
2.0125
2.01439
2.03135
1.97166
1.98423
2.02696
2.00559
1.96035
2.00873
1.9792
1.98109
1.9792
1.95973
1.98423
2.00873
2.00119
1.96789
1.99868
2.00245
1.97669
2.02947
1.98737
2.01942
1.99051
1.99994
1.97983
1.95721
2.00245
1.97858
1.988
1.9968
2.01125
1.99554
1.99617
2.03512
2.02193
1.97229
2.00057
1.99868
2.00873
2.01439
2.00245
2.00685
2.00371
2.02947
2.00999
1.97292
1.98926
1.99428
1.9924
2.0301
1.98234
2.00622
1.99868
2.00559
2.01753
2.02947
2.01816
1.9792
2.00748
1.96412
1.99051
1.99365
1.99051
1.99554
1.98926
2.00182
2.00622
1.97292
2.03135
1.98486
2.01439
1.9792
2.04015
1.99114
1.97229
2.01565
1.95973
2.00622
1.96287
1.97229
2.00182
1.97732
2.0345
2.02067
2.00308
2.00245
1.9591
1.98549
2.00057
1.98674
1.98737
2.02067
1.94904
1.94779
1.99994
2.0213
1.99742
2.03827
1.97041
2.00748
1.97606
2.02696
1.97606
2.02381
2.00119
2.00936
1.99742
1.97166
2.01439
1.99491
2.02319
1.99114
1.99491
1.97543
1.99617
1.97606
1.97481
1.97229
1.95847
1.9836
2.02381
1.96727
1.9836
2.04518
2.00873
2.00936
2.00371
1.99742
1.97732
2.00559
2.00873
1.98988
2.0213
2.03261
1.97795
1.99742
2.03135
2.04204
2.00245
1.99742
1.97606
1.99303
1.99617
1.99994
1.99994
1.99868
1.99177
1.98046
1.96601
2.00434
1.98486
1.97795
2.02067
2.00811
1.99931
2.00999
2.04895
1.97292
2.03073
2.00748
2.00685
2.00371
2.00119
1.99303
1.96287
1.98109
2.02004
2.01502
2.01313
2.02193
1.99365
2.01188
1.96727
1.96224
1.99177
1.99177
2.01753
2.01062
2.00371
2.03387
1.96287
2.00873
2.01376
2.0301
1.98674
2.0125
2.03387
1.99868
1.98988
2.01753
2.00622
2.03135
2.01376
2.01753
2.01439
2.0213
2.00936
1.98172
2.00559
2.00559
2.00622
2.00371
1.98674
1.96664
1.96098
1.99428
1.98046
2.02696
2.02319
1.99428
2.03073
2.01753
1.9968
1.99051
2.01942
1.98423
1.98297
2.02067
1.97795
2.00371
2.02758
2.01942
1.99303
2.02256
2.01439
1.99491
1.98046
2.02319
1.96789
2.04329
1.98234
2.00748
1.99491
1.99114
1.98297
1.97292
1.988
2.02758
2.02444
2.00057
1.9836
1.98549
1.98611
2.04769
2.04266
1.99303
1.94276
2.00496
2.01627
1.97041
1.99554
1.9792
1.988
1.96601
1.9924
1.98549
1.98423
2.01188
2.00308
1.97355
2.01879
2.00182
2.02067
2.01313
2.0213
2.02633
2.01502
2.00559
1.97166
1.96915
2.03324
2.01753
2.03198
2.00811
1.98674
2.00496
2.01062
1.988
2.00245
1.98046
2.04706
1.93459
2.03638
1.98109
1.988
2.00873
1.99931
1.97166
2.01439
2.00057
1.99491
2.00119
2.00873
2.0213
1.9836
1.97983
1.98172
1.97606
2.0301
1.99428
1.99491
1.96161
2.03638
1.97543
2.01439
1.99931
1.99177
2.02004
2.03952
1.96978
1.97543
1.96789
2.02507
1.99617
2.00308
1.96664
1.98046
2.02004
2.0213
2.00182
2.02319
1.98863
1.99554
1.99554
2.01816
1.99365
1.97606
2.00496
2.00119
2.00245
2.04832
1.97481
2.00308
2.00182
2.00685
1.99114
1.97858
2.01313
1.98611
2.04141
2.00371
1.98988
1.98172
1.9968
1.988
1.98172
2.03764
2.00685
1.98486
2.00371
1.95721
2.00559
2.04015
2.01062
2.03575
1.99994
1.98674
1.9792
1.99617
1.98172
1.95973
1.98737
1.99428
2.00811
2.01816
1.97355
1.97418
2.00371
1.97732
1.98737
2.01376
1.9968
2.00873
2.00119
1.99868
1.96664
1.99177
2.02633
1.97606
1.97606
1.98737
1.9924
2.00748
2.00999
2.00936
1.98737
2.03827
2.01439
2.01125
1.97292
2.02004
2.02193
2.00685
2.02758
2.00748
1.95847
2.00245
2.01125
1.98926
1.99491
1.99428
2.01439
1.97229
2.03701
2.00559
2.01439
1.9836
2.01753
1.98988
2.05711
1.97543
2.03324
2.00685
2.04329
1.99617
2.00999
2.00119
2.0125
2.00182
1.98988
2.0257
1.99491
1.9836
1.97795
2.02507
1.97543
1.97041
2.00119
1.99805
1.9792
1.94527
2.01125
1.97732
1.99051
1.99051
1.96224
1.99994
2.00748
1.98234
1.99554
1.99931
2.00182
1.98926
1.96601
2.01062
1.96287
1.99491
2.02507
2.00057
2.01376
2.02319
1.97292
1.9836
1.96789
2.00308
2.03324
1.98109
1.99491
2.00496
1.93836
2.02507
2.0169
2.02256
1.99805
1.99742
1.96601
2.02696
2.02193
1.98423
2.0301
2.01125
1.98423
2.00182
2.01062
1.99303
1.99554
1.96601
1.97229
1.99428
1.99051
1.97292
1.99491
2.01627
2.00182
2.01627
1.99491
1.98423
1.95156
1.97104
1.98486
1.99491
2.0125
2.00811
1.99805
1.98234
1.97481
2.00057
1.98863
2.00182
1.99617
2.01753
1.96915
1.96098
2.04141
1.99742
1.9968
2.00371
1.9924
2.02444
1.98926
2.01502
2.01816
2.00622
2.0125
2.0257
2.01439
1.98674
1.96538
2.03261
2.01502
1.96978
1.99303
2.02444
1.98172
2.00434
1.99114
2.05272
2.00748
2.02381
2.00685
1.98423
1.99051
1.98611
2.03952
2.01376
1.99994
1.988
1.96538
1.98674
2.01565
2.0125
2.0257
2.02067
2.02633
1.96538
2.00748
1.99742
1.98863
1.95219
2.00119
1.96727
1.97858
1.97166
2.01879
1.99554
1.94716
2.02193
2.00057
2.0169
1.97669
2.01816
1.99491
1.98549
1.98046
2.04329
1.99994
2.0301
2.02821
1.95596
1.96601
2.01879
2.01627
2.02381
2.02884
2.05272
1.9968
2.01942
1.96664
1.988
1.9591
2.01565
2.00308
2.01627
2.0345
1.96098
1.97858
1.95344
1.99617
2.02067
1.98109
2.03512
2.01753
2.00811
1.99491
2.02507
2.01188
2.00057
2.00936
2.06088
1.97104
2.00182
2.02696
2.00622
2.0125
2.02256
1.95973
2.00873
2.03827
2.00245
2.02319
1.9968
2.01062
2.01627
1.99994
2.00748
2.03135
2.01376
2.04518
2.02004
2.00496
1.97041
1.99051
2.0257
2.04329
1.95658
1.97355
1.97166
2.00999
2.01502
1.99051
1.99303
2.01439
1.94842
1.96978
2.00308
2.03952
1.96978
2.00245
2.0125
1.988
2.01062
1.9792
2.03135
2.02319
2.02633
1.98611
1.98926
2.0169
2.03387
1.99177
1.98234
2.00999
2.01502
2.03198
2.04392
2.01313
1.9415
1.97983
1.98046
2.02884
1.98737
2.00748
2.00119
1.97669
1.99428
1.96978
1.95533
1.99177
1.96727
2.02758
2.01062
1.98611
2.03575
2.01879
2.0169
2.01376
2.02696
2.00496
1.99554
2.0257
2.00873
1.9836
2.00434
1.98988
1.98046
2.02758
2.0125
1.97418
1.99994
2.00308
2.00622
1.98046
1.97104
2.00057
1.99742
2.00371
1.99617
2.0125
1.96538
2.00873
1.99365
1.9968
1.97418
2.03073
1.98486
2.00748
2.01188
2.02696
1.98234
1.99491
1.99428
2.03324
1.99303
2.01188
1.99491
1.9591
1.9792
2.00119
1.9924
1.99617
2.00308
1.98172
1.99177
1.98863
2.01188
1.97481
2.01125
1.97795
1.99177
1.95721
2.03764
2.01942
1.98172
1.98172
2.00245
1.93773
2.00999
1.98611
1.98046
2.03638
1.99931
1.98988
2.01565
1.988
1.97983
2.00496
2.00748
2.01439
2.02381
1.99617
1.98486
1.99491
2.02758
1.9968
1.97606
2.04581
2.00873
2.01565
1.99554
2.0169
1.97104
2.00245
2.01062
2.03324
2.01502
2.01313
1.96538
1.99617
1.99114
1.98737
2.00622
1.98234
2.02004
1.94339
1.98297
2.01062
1.97669
2.00559
2.00308
1.96852
1.96978
2.0169
1.98988
1.98988
2.02193
2.03387
1.99617
1.98172
2.00748
1.94716
2.04204
1.99177
1.97858
1.98988
1.9836
2.01942
2.00245
2.01627
1.98863
1.97481
1.99177
1.98046
1.9836
2.01188
2.00308
1.97041
1.97795
2.00182
2.01816
2.05397
2.00559
1.98234
2.00119
2.00119
2.00748
2.0213
1.99177
2.03512
1.97606
1.96035
2.01565
2.01627
2.00559
1.96978
1.96098
2.00999
2.03638
2.04329
1.9415
1.99617
2.0345
1.99177
1.9792
1.98611
2.00057
2.03198
2.00434
2.01502
2.0213
1.98863
1.99742
1.9836
2.01816
2.02821
1.99994
1.95847
1.99051
1.99051
2.00622
1.9968
2.01376
1.95973
2.0125
1.98863
1.97858
2.00371
2.03512
2.01942
1.96475
1.97858
1.96601
1.98234
2.01062
2.03575
1.98423
2.03261
2.0125
2.0169
2.02444
2.02507
2.00811
2.00119
2.03827
1.99994
2.01753
1.99303
1.98109
1.96035
1.99177
1.97481
1.97858
1.97983
2.04895
2.03261
1.99177
2.0546
2.01439
2.02758
1.99051
1.99428
1.99805
1.99051
2.00308
1.94967
1.988
1.9836
1.97166
1.98926
2.02067
1.99177
1.99805
2.03387
1.99931
2.00245
1.99303
2.04015
1.96852
1.99365
1.99868
1.99742
2.02193
2.00748
1.99114
1.99554
2.00873
1.98486
2.01188
2.00119
1.94779
2.04958
2.00057
2.02884
2.0257
1.99994
1.9503
1.99114
2.01565
2.00245
1.98926
1.99554
2.01062
2.00182
2.00811
1.99994
1.98926
2.01062
1.97543
2.01376
2.0257
1.99931
2.01753
2.01062
2.0125
2.02821
2.01125
2.03261
2.01062
1.98172
1.99994
2.01439
2.05586
2.0213
2.03638
2.02758
1.98611
1.96852
2.02507
1.99805
1.99491
1.99742
2.01816
2.00748
2.00371
2.00811
2.00685
2.02256
2.04455
2.01376
2.02381
1.98486
2.01565
2.01062
2.05083
2.00057
2.00873
1.9924
2.01502
1.97166
2.00371
2.04518
1.99303
1.92705
1.99617
2.02193
2.00057
2.00496
1.9924
1.96852
1.99617
2.01753
2.00622
2.00936
2.01313
1.97229
2.00245
2.01816
2.01062
2.01627
1.97355
1.99303
1.96789
1.99742
1.99491
2.0257
2.01125
2.00434
1.9968
2.00119
1.96475
2.00999
2.03889
2.00308
2.01753
1.98109
1.99365
1.99177
1.99868
1.98423
1.98486
1.97292
1.99365
1.96852
2.01376
2.00308
2.01879
2.00434
2.00999
2.01942
2.02633
1.9635
1.97669
2.01376
1.99051
2.01879
2.01125
2.03701
2.02758
2.00182
1.98423
1.99554
1.99428
2.01188
2.00308
1.97983
1.99177
2.01753
1.98988
2.01062
1.99114
1.97606
2.01879
2.0257
1.97481
1.98737
1.99491
1.97166
1.98926
1.97041
1.98737
2.01942
1.99742
2.03764
2.02193
1.98863
2.02381
1.99114
1.97481
2.03324
2.01753
2.05334
1.99931
1.98611
1.97983
1.99805
2.02444
2.03512
1.99868
1.98423
1.98611
2.01942
2.02507
2.01376
1.97858
1.96978
2.00119
1.96538
1.9459
1.99491
2.0169
2.00685
2.00873
1.97732
2.02193
1.98109
1.97795
2.02696
1.95973
2.02319
2.03198
2.00496
2.04141
2.02067
2.00559
2.01439
2.03324
1.96412
2.01753
1.97166
1.99868
2.02633
1.98486
1.98234
2.01188
2.00873
1.97858
1.97606
2.00748
2.01062
2.00182
2.00873
1.98926
2.03764
1.99742
2.04141
1.97795
1.99114
1.96224
1.98611
1.98046
2.0213
1.98926
1.96915
1.98549
1.9547
1.99491
1.9792
2.01125
2.03261
2.02004
1.95973
1.99428
2.00999
1.99868
1.97104
1.99868
1.9635
2.01816
1.99491
2.00371
1.99554
2.00873
1.99365
1.99617
1.99491
1.98737
1.9635
2.04392
1.99617
2.02507
2.00245
1.9968
1.97292
1.98737
2.00999
2.00119
1.99617
2.01313
1.97481
1.96727
2.00559
1.99805
2.02004
2.02884
2.01439
2.00057
2.03827
1.97418
2.00748
2.00308
1.99931
1.97732
2.02884
2.00119
1.99428
1.98297
2.00371
1.99617
2.02004
1.99365
1.99303
2.00182
2.00873
1.96915
2.00559
1.98297
1.93711
2.01062
2.01125
1.98988
2.01125
2.02256
2.01753
2.0257
2.01502
2.01753
2.00873
2.00496
2.0257
1.9792
2.00622
2.00936
1.99491
2.04329
1.97983
1.99428
1.9635
2.02256
1.9792
2.02067
1.99554
2.00371
1.98988
2.03889
2.02319
1.99994
1.99931
2.00182
1.96727
1.99931
1.95533
1.99742
2.01816
2.02319
1.97732
2.0169
2.02507
1.98297
2.02004
1.98172
1.99554
2.04706
1.9968
2.01627
1.99554
1.97543
2.01753
2.03324
2.01313
1.97858
1.99365
1.9836
1.98046
1.99051
2.00119
2.0257
1.97041
2.01439
1.99994
2.02381
1.99554
1.97292
1.98611
2.01439
1.99051
2.02319
2.02633
1.96789
2.01188
2.00811
2.01125
1.99303
1.99303
2.03638
1.97669
1.97481
2.0345
1.98109
2.00685
2.00434
2.01753
2.04078
1.97229
1.98863
2.0125
1.97292
2.00182
1.97355
1.96664
2.00811
1.99554
1.98234
1.96224
1.99931
1.99491
2.02947
2.03701
2.01313
1.96852
1.99177
2.00496
2.00245
1.94213
1.98611
1.98674
1.97418
1.95407
1.95281
1.96224
2.02821
2.03638
1.98172
1.99428
1.97041
2.02821
1.97166
2.00559
2.02507
1.9924
2.00811
1.99617
2.01376
1.99868
2.00057
1.98486
2.02633
1.99303
1.99491
2.02444
2.02444
1.99365
1.95721
2.01942
2.00685
1.98549
2.02507
2.0301
1.99617
2.00245
1.97543
1.98234
1.99428
1.96098
2.02004
2.0345
2.00496
2.01753
1.99491
1.9968
1.98486
1.97732
1.98926
2.01816
1.99491
1.99994
1.98988
2.00434
2.01502
1.98737
2.01439
2.00559
2.0125
1.96789
2.00308
1.99114
1.97355
2.00434
1.99365
2.05209
1.98172
1.98297
1.97795
1.97041
2.01125
1.99931
1.98234
2.0169
1.9968
1.97418
1.97481
1.99491
1.9836
2.00119
2.01125
2.00119
1.99617
1.99742
1.96412
2.02633
2.05837
2.01502
1.99994
1.99365
2.00182
2.00434
2.00622
2.00119
2.02381
2.03198
1.99742
1.99554
2.01376
2.00057
1.96475
2.00182
2.01816
1.97418
2.0345
2.02319
2.01816
2.02821
2.00119
2.01816
1.97481
1.99491
2.01565
2.01376
1.99051
1.97669
1.98109
2.04204
2.03198
2.00371
2.00873
1.99931
2.00119
2.0169
2.00559
2.04141
1.96412
1.988
2.00308
2.00936
1.99365
1.98297
2.04706
1.99428
2.02884
1.99554
2.04078
1.99428
1.96915
1.97543
1.99114
2.00748
2.00811
2.01502
1.99365
2.00182
1.98926
2.00434
2.00748
1.9968
2.01565
2.02696
1.99994
2.01502
2.05272
1.99868
1.99051
1.99617
1.988
2.01565
1.99177
2.02633
2.01062
2.01376
1.99554
2.02444
1.95281
2.01188
1.98863
1.96287
2.02067
2.0125
1.9836
2.00936
2.02444
1.98549
2.02507
1.99805
1.99554
1.98234
1.98297
2.00873
2.01627
1.98297
2.03135
1.98926
2.00371
1.99994
1.98172
2.00873
1.99994
2.01502
1.99742
2.00245
1.98486
1.99365
1.99303
2.01125
1.98486
1.9635
1.98549
2.00308
2.03889
1.92705
2.02633
1.99617
2.00936
1.97732
1.97858
2.01565
2.00685
2.0169
1.98297
2.00245
1.98611
2.01376
1.98611
1.9924
2.02507
1.96727
1.97669
1.9924
2.01313
2.00371
2.02256
2.02193
2.02319
2.03827
2.00308
2.02319
2.00434
2.02444
1.98234
1.99994
2.00496
2.00434
2.0301
2.00936
1.98172
1.94653
1.96161
2.01816
2.00308
2.00308
1.99617
2.02758
1.96915
2.01627
1.98926
2.02507
1.99114
1.99428
1.98737
2.00873
1.98549
1.97355
2.0213
2.00057
2.02004
1.98297
1.98172
1.99491
2.00434
1.99051
2.02758
2.00371
2.00999
1.9792
1.97166
2.01376
2.00748
1.96035
1.96475
2.0257
1.988
1.988
1.98172
2.00999
1.95721
2.01502
2.00371
2.0125
1.99554
1.99491
1.99177
2.04141
1.988
2.00308
2.02067
1.96287
2.03135
1.97166
1.98046
2.00811
1.98549
1.98737
2.03764
2.02004
2.00057
1.94779
2.02004
1.99931
1.98926
1.9591
2.0257
1.99114
2.02193
1.98926
1.99428
1.98926
1.96789
1.98674
1.97481
2.02067
1.98737
2.0345
2.04204
1.95281
1.97669
2.00119
2.00371
2.00496
2.00119
2.00748
1.9924
1.99051
1.988
2.00371
2.02067
2.00496
1.96098
2.0125
1.98674
1.97292
1.98423
2.00936
2.00873
1.98611
2.02696
1.98549
1.94527
1.98486
1.97858
2.01062
2.02193
2.02004
1.98486
1.99303
1.99491
1.98423
1.96161
2.00622
1.98611
2.00748
2.02004
2.0345
1.98234
1.95847
1.99365
1.97858
2.04015
1.98674
1.99742
2.00057
1.97229
2.00308
2.03387
2.03952
1.96789
1.97606
1.9836
1.97418
2.01627
2.00371
2.04015
1.9924
1.96915
2.02633
2.01062
1.98172
2.04392
1.98674
1.9924
1.99365
2.03073
2.00622
1.99491
2.03764
2.03889
2.02758
1.99428
1.98423
2.0213
2.01753
1.98172
2.03952
2.02444
2.03198
1.99114
2.00371
2.02696
1.99114
2.00119
2.00748
1.99805
2.02696
2.06591
2.00622
2.01502
2.01502
2.00559
2.02067
2.04141
2.01062
1.98234
2.02884
2.01753
1.96538
1.99805
2.01942
2.02067
1.93899
1.99617
2.04769
2.02947
1.98611
2.00748
1.99805
1.99491
1.99931
1.9547
2.0502
2.00434
2.02319
2.04204
1.99303
2.01879
1.97166
1.99428
2.01439
2.00873
1.99994
2.05523
2.00182
2.00936
1.97355
1.99114
1.99303
2.01313
1.9924
1.96915
1.97229
1.98172
2.00936
1.96161
1.95156
2.04706
1.98737
2.02256
2.02696
1.99994
1.97041
1.9836
2.01062
1.96852
1.97543
1.9924
2.01188
2.00559
1.99177
2.00308
1.99617
1.99491
1.9968
1.97166
1.98737
1.99051
1.95784
2.00622
2.04769
2.02193
1.97669
1.97104
1.98737
2.01753
1.97041
2.0125
1.95658
1.98863
2.01502
1.9792
2.00434
2.00057
1.97355
2.00119
2.00685
2.01879
2.02319
1.98611
1.99051
2.02004
1.98674
2.02256
2.03889
1.97166
1.98486
2.0125
1.96287
2.02821
2.01188
1.95784
2.00748
1.9836
1.97418
1.99805
1.98863
1.98737
1.96978
1.98863
1.9836
1.97732
2.02821
2.00811
1.97983
1.98863
2.01376
2.01188
1.99365
2.03575
1.98297
1.96789
1.99868
2.00496
2.00748
1.99365
1.9635
2.02319
1.97355
2.01753
2.00371
1.9924
2.01313
1.9792
1.99177
2.04141
2.0125
1.9836
2.0345
2.00622
1.99931
1.99177
1.97355
1.96664
1.97732
2.01439
2.02256
2.0125
2.0169
2.00811
1.97732
2.00434
1.99742
2.00559
1.97355
1.99428
1.98046
1.96727
1.98611
1.99177
1.9968
2.01502
1.98486
2.04643
1.99303
1.95847
1.99805
2.03073
1.98674
2.02821
1.97858
2.00559
2.00559
2.00936
2.01376
1.96475
1.99051
1.97229
1.98423
1.98737
1.98737
1.97983
2.05146
2.00245
1.98109
1.98423
2.01565
1.99114
1.99554
1.97418
1.99931
1.97166
1.96098
2.00748
2.00811
2.02319
2.0345
2.01313
2.01313
1.98926
2.00685
1.96601
1.98046
2.00811
1.96475
2.00685
1.96098
1.97732
1.99365
2.00434
1.98046
2.0125
2.01627
2.01753
2.01125
2.01816
1.97229
2.01125
2.01125
2.03889
2.00622
1.99051
1.98988
2.01565
1.99805
2.00622
1.98988
2.02444
2.02319
2.00434
2.01879
1.99114
2.00182
1.99491
1.98737
2.00811
2.00245
2.01502
2.04015
1.97669
2.0301
1.98737
1.98737
1.99931
2.01502
1.97795
1.99303
1.98549
1.97229
1.97292
2.02004
1.9836
1.98737
1.98486
2.01942
1.99428
2.00559
2.00245
2.0213
2.00622
1.97732
1.9503
1.99114
2.00308
2.00496
2.01439
2.00685
1.99805
1.98926
2.03575
1.99805
1.97858
1.98549
2.02884
1.9836
1.97229
1.99994
2.06214
1.98486
1.97858
2.00559
2.04769
1.99994
2.03764
1.9968
1.99994
1.99805
1.98423
2.01879
1.97795
2.02004
1.97166
1.97543
1.94402
2.00811
2.00811
1.97418
1.98988
1.99931
1.97732
2.0125
2.01439
1.98926
1.98109
1.98863
2.00559
1.99994
2.00559
1.99177
1.97355
2.02067
1.96538
2.04392
1.99742
1.97229
1.9792
2.01188
1.94465
2.03575
2.01502
1.9836
2.00371
2.00685
2.03198
1.99617
2.03135
1.99177
1.9547
1.97669
1.98926
2.01313
2.03135
1.96412
1.97732
1.99931
1.98674
1.97858
2.00999
2.02758
1.99994
1.97669
1.96915
1.99617
2.00622
2.00873
2.02256
1.98486
2.00057
2.0125
2.00119
1.98234
2.0125
1.9924
2.00999
2.04518
2.0213
2.02884
1.99177
2.00811
1.96664
1.98737
1.988
1.99051
2.00057
2.00057
2.00559
2.05586
2.00936
2.00999
2.04832
1.9836
1.99177
2.00936
1.98486
2.00811
2.00308
2.02444
1.99868
1.9924
2.02067
1.98926
1.96727
1.97355
1.99994
1.96098
2.02696
2.01125
1.99617
2.0213
2.0169
2.00308
2.02821
2.00811
2.03387
2.02067
2.00685
2.00622
1.98674
1.97669
2.00308
2.00748
2.00622
1.99365
1.97418
1.97732
2.00371
1.98297
1.9792
2.00873
1.96287
2.02758
2.00182
2.03512
2.05586
1.98863
1.97606
1.96224
1.98926
2.00119
1.94527
1.97104
2.01439
2.00057
1.99554
2.01816
2.01502
2.01376
2.00622
1.96664
1.98926
2.00434
2.03638
2.01565
1.988
2.00622
1.98988
2.00371
1.99114
1.96412
2.04329
2.00057
2.02004
2.02821
2.01188
1.99805
2.00559
1.97041
1.9924
2.02758
1.98172
2.01816
2.00434
2.00182
2.01313
1.95784
2.00119
2.02696
1.98297
1.97732
2.03324
2.02381
2.02947
1.99868
1.97669
2.03261
2.00496
2.01627
1.97732
2.03198
2.01188
2.0213
2.00496
1.97858
1.988
1.99994
2.00748
1.98234
2.00308
1.99931
2.02444
2.03198
2.01125
2.00999
1.9924
1.99617
2.04769
1.97543
2.01376
2.0257
1.97606
1.98674
2.00057
1.99428
1.97669
1.96287
2.02067
2.03198
2.01816
1.99994
2.00182
2.01816
1.988
1.99554
1.98486
2.02319
1.98486
2.00748
2.02821
1.97606
2.02507
1.98046
2.02947
1.98486
1.97166
2.02507
1.98046
2.02381
2.00434
1.97983
1.99868
1.98297
2.01376
1.9836
1.99868
1.99365
1.99114
2.01188
2.03073
2.00748
2.02004
2.01627
1.9968
2.01125
1.9968
2.06717
1.96852
2.06088
1.97041
2.03638
2.00182
2.02319
2.01376
2.01502
2.03198
2.01879
2.02821
1.92894
1.9836
1.97166
2.00622
2.00999
2.0301
2.00496
2.03073
1.99051
2.02256
1.97418
1.97669
1.9924
2.0213
2.00308
1.97606
1.96978
1.96852
1.99365
1.94088
2.01376
1.99805
1.99491
2.00873
1.98172
1.96664
2.00999
2.00119
1.97481
2.01502
1.97418
2.00119
1.988
1.99303
2.00936
2.02193
2.01753
1.9968
1.9968
2.02067
2.02947
1.99994
2.01502
1.97481
1.9836
2.0213
1.99303
1.99303
1.94276
1.9924
1.97669
1.97732
1.99742
2.02319
2.00496
2.00496
1.97732
1.97229
2.02381
2.04769
2.00936
2.00245
1.98109
2.01565
2.00811
1.97795
2.00873
2.00119
1.96538
2.00434
1.98737
2.03324
1.97418
1.97543
1.98863
2.01816
2.01816
2.00873
2.00371
2.00119
1.96475
2.01816
1.98988
2.01942
2.0125
1.9792
2.0169
2.01942
2.00057
2.00434
1.99742
2.01816
1.99617
1.98988
1.97543
2.01942
1.99114
2.01502
2.01565
1.99428
2.00748
2.0213
1.99742
2.00685
1.9968
2.00622
1.98486
1.98926
2.00119
2.01502
1.96852
1.97669
2.02884
2.00936
2.03827
2.04832
1.98109
1.95784
2.02381
2.01376
1.96224
1.99303
1.98046
2.04266
2.03073
1.9924
2.02507
1.96978
2.00496
2.02067
1.98611
2.02193
1.988
2.02004
2.00434
2.01313
1.97732
2.0169
2.00873
1.99428
1.97292
2.03764
2.01439
1.99177
1.96475
2.00496
2.01879
2.01942
2.03198
2.03889
1.95847
1.97292
2.00119
2.04769
1.99931
1.96664
1.98549
1.97418
1.98423
1.99177
2.01125
1.97606
2.01188
2.02319
1.99177
1.98297
2.00873
1.98297
2.00434
1.99491
2.00371
1.97292
2.01753
2.00559
2.00622
1.97795
1.99617
1.98486
1.98109
2.01879
1.94779
2.02758
2.00496
2.01627
1.99428
1.99554
2.02381
2.05586
2.00308
1.98109
1.99617
1.98046
1.99365
2.0257
1.94339
1.97292
1.9836
2.00811
1.98926
1.988
1.99365
1.99994
2.03575
1.99994
2.00119
1.99554
2.01627
2.01439
2.02758
1.99931
2.01565
2.00371
1.98674
1.98423
2.01942
1.9792
1.9792
2.00245
2.04078
1.98737
1.988
1.99931
1.97983
1.99491
1.99303
1.98046
1.96789
1.96978
2.01125
1.96664
1.99617
2.03198
1.97166
1.99491
1.99994
1.9635
2.02319
2.01439
1.98172
1.97355
1.99931
2.00182
2.00873
1.96727
2.03575
1.99177
2.01502
1.99303
2.00748
2.01816
1.99931
2.00245
1.97166
2.00936
1.98737
2.01879
2.04329
2.02004
2.00182
2.02319
2.00496
1.97669
2.0125
2.01313
2.02758
1.96601
1.99428
1.98549
1.98549
1.97858
2.00622
1.98109
2.01565
1.99491
2.04392
1.96915
1.96789
2.01942
2.02444
1.98234
2.0678
2.00873
2.01879
1.99617
1.99491
2.00873
1.98423
1.97795
1.98549
2.00245
1.99617
2.00936
2.00371
1.98988
1.99554
1.96412
1.97418
2.00999
1.97418
1.97418
2.03889
1.99303
2.01816
1.99491
1.97858
2.00182
1.99554
2.00622
1.99051
1.99742
1.98109
1.97355
2.00119
1.97481
2.02884
2.00308
1.96287
1.97166
1.99994
2.05209
1.98172
1.98297
2.06088
2.01313
2.02758
2.00245
1.98486
1.98423
2.04204
2.02067
1.97104
2.03324
2.00057
2.00685
1.99994
2.02444
2.02067
2.01879
1.99428
1.98549
1.99931
2.00999
1.99365
2.01879
1.99805
2.02821
2.02821
1.98926
1.98172
1.98863
1.99365
1.97481
1.99303
2.01942
1.99303
2.00873
2.00245
1.98674
1.99177
1.99617
2.01879
1.96161
1.99742
2.00057
2.0213
1.9924
1.99617
2.00685
1.98863
2.00496
1.99994
2.0257
2.00182
1.97355
2.03889
1.9924
2.00496
1.96412
2.00057
1.95847
1.98234
2.00873
1.97669
2.01439
2.01062
1.97104
2.02444
1.99177
1.98988
2.02696
2.01125
2.06717
1.9836
1.96852
2.00308
1.99994
1.99365
2.00182
1.96538
1.99868
2.00748
2.04078
1.97732
1.94025
2.00308
1.96098
1.99428
2.01062
1.99805
1.97983
2.01942
2.0169
2.00559
1.99303
2.01879
2.02193
2.00685
1.99994
2.02381
2.00811
1.96852
1.97606
2.00748
1.99177
2.0125
1.95721
1.99051
1.96538
2.00936
2.00308
2.02696
2.0213
2.02758
2.02004
2.00371
1.97983
2.03512
2.01879
1.97229
1.95847
2.00685
2.02758
1.98926
1.99868
2.0213
1.98234
2.01188
2.00811
1.98737
2.00057
1.99491
1.98297
2.0125
2.01879
1.99617
2.02193
2.08413
1.98988
2.01439
2.01879
1.99428
2.00119
2.01502
1.95407
2.01502
2.03387
2.01439
1.99051
1.96978
1.94967
2.05209
1.988
2.01627
2.00873
2.01376
2.00434
2.00371
2.00371
2.02821
2.00371
1.98674
2.00308
1.96161
1.99742
1.9836
1.9503
2.03073
2.04204
1.97795
2.02821
1.98549
2.0301
2.00622
2.00057
1.94465
2.01188
1.97858
1.988
2.03324
1.98926
2.02507
2.00308
1.98109
2.0502
1.98172
1.98297
1.98988
2.00685
1.97229
2.0213
2.02758
2.01502
1.98109
2.01125
2.01313
2.01502
2.00559
1.99365
1.98988
2.00559
1.98926
1.98988
1.97795
2.01062
1.98297
1.98486
2.0125
1.99491
2.02319
1.99051
2.0257
1.9836
2.03261
2.0169
1.9792
2.00873
1.97983
2.03638
2.00811
1.97166
2.01188
2.00371
1.98863
2.02758
1.9924
2.00119
1.98046
2.00811
1.98234
1.98234
1.96601
1.98046
2.00496
1.97229
1.99428
2.02444
2.01313
2.01376
2.01879
2.01627
1.99805
2.00057
1.99994
1.99554
1.99554
2.01125
2.02004
2.00245
1.98486
1.98988
2.00434
1.98674
1.9547
1.99868
2.00182
1.988
2.00496
1.9792
2.02507
1.99994
1.99428
2.02381
1.99051
1.96538
1.96161
1.97481
1.99051
2.01502
2.03135
1.98674
2.0125
2.0125
2.01376
1.99805
2.00496
2.02256
1.99805
2.01313
1.99365
1.95721
1.98549
2.00748
1.99365
1.98988
1.99554
2.02633
1.9968
1.9924
2.00245
2.03073
2.00119
1.99177
1.99365
2.00559
1.96035
1.9792
2.02444
2.05711
2.01313
1.99617
2.00119
2.03324
1.99742
1.98737
1.97795
1.94213
1.96915
1.97732
1.96978
1.96287
1.97606
2.02444
2.02256
1.97166
1.96224
2.00936
2.0169
1.95533
2.02381
2.01125
1.99742
2.00245
2.0257
1.9792
1.99994
2.00748
1.98988
1.97481
2.00873
2.01627
2.04015
2.00873
2.02758
1.98863
2.01502
1.98988
2.01942
1.98737
2.0125
2.01753
1.97104
2.01313
1.99805
2.00371
2.00057
1.97543
1.99114
2.00748
2.02004
1.99428
1.96224
1.98423
2.02884
2.00811
1.96727
1.97858
1.98549
1.97166
2.00119
1.99554
2.01753
2.01313
1.95093
1.9968
2.02193
1.98486
2.00182
1.98297
2.02193
1.96978
1.99868
2.02193
2.02444
2.02319
2.02444
1.98486
1.99868
2.01439
1.95533
1.97669
1.9836
2.0125
2.01879
1.96161
1.97041
1.96538
1.96978
1.99365
1.97983
2.04141
1.98863
2.02507
2.00308
1.99617
1.98926
2.00622
1.97606
1.98674
2.04266
1.98172
2.01188
1.98297
2.0546
1.9924
2.01502
1.97669
1.9836
2.01942
1.99742
2.01439
2.02444
1.98423
2.01942
1.9924
1.97104
2.01816
1.99051
1.96727
2.00559
1.99931
1.988
1.97041
2.02381
2.00559
1.99051
1.9836
1.99742
2.02821
1.99994
1.97983
1.988
1.97355
1.99554
2.01376
1.99617
1.98988
1.99742
2.0125
1.98549
2.00308
2.01502
1.99051
2.00119
1.96287
1.98046
2.02884
2.02884
1.99114
2.01125
2.00811
2.00057
1.99554
2.01879
1.99177
1.99554
2.0125
2.01565
2.01188
1.98234
1.96161
2.03889
2.0213
1.96664
2.00999
1.97858
2.03701
1.99177
1.96412
1.97355
1.97418
1.99365
2.03575
2.00811
1.98549
2.00119
2.02193
1.9924
2.00748
1.9968
2.01502
2.01942
1.98297
2.02319
2.02633
1.96412
2.05146
1.98926
2.01627
1.98863
1.99931
1.99554
2.02821
2.01816
2.01313
2.00119
2.01188
2.00999
1.99868
1.97606
1.96978
2.02193
2.01942
2.00308
2.01313
2.01313
1.99177
1.96538
2.00308
2.01565
1.9635
2.01942
2.02067
2.02256
1.9924
1.99805
2.02256
2.01879
2.03198
2.00308
1.97606
1.99994
1.9591
2.00119
2.02884
2.00308
1.99303
2.00119
1.9924
1.99428
1.9924
2.02381
2.06088
1.96035
1.96978
1.99365
1.99177
1.96852
2.03638
2.00999
2.01313
2.00999
1.99051
2.00371
2.00371
2.0125
2.00245
2.00308
2.03575
2.00748
1.99177
1.98549
2.04643
1.97543
2.01753
2.02444
2.02444
1.99617
2.00434
2.01313
2.00496
1.98611
2.01376
2.00999
2.03135
2.01753
2.0213
2.01753
2.00936
2.00057
1.97606
2.00182
1.97166
1.96287
1.99177
1.98863
2.02193
2.0345
2.01879
2.00182
1.99868
2.01942
1.99303
2.01879
2.02444
2.00308
2.00371
1.97041
2.01188
1.988
2.00245
1.99805
1.96475
1.95407
2.03135
1.97481
2.01125
2.01188
2.03324
1.98674
2.00685
1.96789
2.04958
2.00371
2.01627
2.03261
1.97418
2.03324
1.99428
2.00496
1.97166
1.99617
1.98863
1.98046
1.97418
2.00685
2.02821
2.0301
1.99554
2.00308
2.04141
1.98988
1.99051
2.01439
2.00622
1.99554
2.01502
1.97418
2.01942
1.97732
2.00685
1.98046
1.97229
2.05083
1.99114
2.02758
1.97795
2.01879
2.01376
1.98549
2.00496
2.00434
1.99365
2.0125
2.02758
2.01753
2.03512
2.00999
1.99931
2.00622
2.01188
2.00748
1.96727
1.97732
2.02193
2.02319
1.9924
2.02507
2.02633
1.97543
1.98486
1.97795
1.98423
1.97732
1.96161
2.0125
2.01565
2.01062
2.00496
1.9836
2.0169
1.99931
1.95847
1.97104
2.00999
2.01816
2.02821
1.97858
1.98863
1.98988
2.02633
2.00936
1.98988
2.02633
2.02004
2.01879
1.97795
2.03764
2.03135
2.01062
2.00873
2.0257
1.97795
2.00371
2.00999
1.97983
1.97732
2.00936
2.00873
1.98172
2.01062
2.00119
2.00936
2.00811
2.00936
2.01753
1.97983
1.96915
1.98423
2.02444
2.01502
2.00245
1.9968
1.99554
1.96852
1.99365
1.98423
1.97104
2.02381
2.00119
2.00748
1.99931
1.9836
1.98423
2.03135
1.96475
1.98926
1.99994
2.05272
2.00748
1.98234
2.00999
2.01313
2.00748
1.98234
2.00434
2.02884
1.99554
2.0125
1.9792
2.02444
2.00371
1.99428
1.98046
1.99554
2.00999
1.99617
1.94904
1.99303
2.00685
1.98549
2.03889
2.00685
2.00245
1.9924
1.99617
1.97983
2.04581
2.0634
1.99931
1.97732
1.98863
2.01627
2.03387
2.01188
1.99617
1.95847
2.03324
1.9591
1.93522
2.03512
2.00434
1.97041
2.00748
1.97166
2.00622
1.98423
2.00371
2.02947
1.97983
2.00371
1.98486
1.99428
1.96601
1.99742
1.98926
1.98611
1.98172
2.01627
2.0213
2.03324
1.9924
1.98549
1.99868
1.98297
1.9836
1.96098
2.00685
2.0213
1.98423
1.99428
2.01942
2.00434
1.96915
1.99742
1.94465
1.96224
1.99114
2.02444
2.01753
2.00182
2.02696
1.98926
2.01125
1.98863
2.01816
1.97606
1.98046
2.00308
2.00182
2.03198
2.02507
1.99428
1.98297
1.96538
1.99177
2.01879
2.01816
1.99931
1.97732
1.96412
1.97543
2.02444
2.03701
1.99994
2.00308
1.97543
1.9792
1.988
2.03764
2.01753
2.01439
1.99868
1.96789
2.0125
2.01062
1.97229
2.00496
1.97795
1.97983
2.03135
2.00811
1.98423
2.04581
2.01062
1.95156
2.02821
1.99805
1.98234
2.04204
1.99554
2.01062
2.02004
1.99742
1.98549
1.99051
2.0634
2.00936
2.02444
1.988
1.98737
1.98926
2.01879
1.98172
2.01313
2.00434
2.00308
1.99114
1.96789
2.00559
2.00936
1.97795
1.99554
2.00622
2.03387
2.00811
2.01313
1.96664
2.00999
2.03073
1.97355
1.98611
1.99805
2.03073
2.00559
1.98988
2.0125
2.00559
2.00308
2.00119
1.99177
1.99617
2.00308
2.00622
2.00811
1.97732
1.9792
2.02821
2.02696
2.02444
1.97606
2.01376
2.01627
2.0213
1.99114
2.00748
1.99617
2.01816
1.97041
2.02256
1.99994
1.99365
1.98423
1.97669
2.02004
2.0169
2.00371
2.00748
2.00622
2.00434
1.99428
1.99742
1.99868
2.00748
1.96538
2.01188
1.99994
2.01376
1.98611
2.04141
1.99742
2.0125
1.99051
2.0257
1.9836
1.97355
2.00371
2.01627
2.01627
1.98926
2.01376
2.01816
2.02067
1.99428
2.02884
1.97418
2.01188
2.0345
2.00434
2.00936
2.00559
1.98234
1.9968
1.99617
2.01062
1.99365
1.99303
1.99303
2.01502
1.99994
1.98423
1.9968
2.03575
2.01565
2.01816
1.95219
1.98172
1.98674
2.00182
1.97669
1.9924
1.95847
2.04518
2.00622
1.99365
2.00182
2.02633
1.98046
2.00057
2.01062
1.98046
1.9968
1.99177
1.9968
2.0125
1.98046
2.00496
2.01816
2.00057
1.99554
1.99177
1.98926
2.01188
1.99994
2.02821
2.03324
2.0125
1.99491
1.97669
2.0213
1.99114
2.02633
2.0213
1.99868
2.00559
1.99428
1.98423
2.00999
2.02633
1.97983
1.99617
2.02884
1.98297
1.95784
1.94088
2.0125
1.97292
2.00434
2.0257
1.95658
1.98486
2.01376
1.97983
1.99931
1.9924
1.98046
2.02067
1.98549
2.00559
2.03198
2.00308
1.98674
1.97669
1.9836
2.00308
2.04392
1.95093
2.05083
2.00308
1.96412
1.99554
2.00434
1.99365
1.97355
2.0213
2.01439
2.02319
1.98234
2.00748
2.00936
2.00057
2.0213
2.01188
2.01062
2.01439
1.97355
2.00245
1.98172
1.98172
2.01376
1.99617
2.00245
2.00119
2.02821
2.00811
1.95973
2.01565
1.98297
1.9924
2.02067
1.97795
1.96727
2.00496
1.94779
1.98109
1.99114
2.02256
2.03073
2.03512
2.01062
2.00936
1.98046
2.02947
2.00873
2.0213
1.98737
2.00119
2.03198
1.98674
1.98172
2.00245
1.99554
2.01376
1.99303
1.97041
1.99428
2.01313
2.00245
1.98234
1.98297
1.98172
2.00245
1.98737
1.99931
1.96538
1.97983
1.98046
1.98549
2.00559
2.00371
1.99742
2.01942
1.96224
1.98863
1.98423
1.97669
1.99114
1.96789
1.98737
1.98486
2.00245
1.99742
1.98486
1.99428
1.96915
1.95281
1.99805
2.01942
1.96915
2.00811
2.03764
1.99428
2.01062
2.01439
1.99114
2.01879
1.99491
2.0257
2.01879
1.94779
1.97983
2.00182
2.01125
2.0213
2.02696
1.99868
2.01502
1.97481
2.01188
2.00245
1.98486
2.01439
2.00371
1.97166
2.00685
2.00559
2.01376
2.00057
1.97795
1.98423
2.02193
2.00999
2.01125
1.99994
1.98674
2.01313
1.98988
1.98737
1.98926
1.95596
1.99554
1.99617
1.96475
2.00245
2.00182
1.99365
2.01376
2.02633
1.95658
1.99114
2.01816
2.01125
2.04204
2.04581
1.99868
2.00811
1.98046
2.02381
2.00559
2.00371
1.98926
1.99931
2.01816
1.96035
2.02947
2.00057
2.0125
2.01062
2.01439
2.04895
1.97104
2.05272
2.00999
2.01439
1.99491
2.05209
1.97795
1.9792
1.99177
2.00873
1.95721
2.00685
2.01376
1.98486
1.97732
2.01062
2.00308
2.00811
2.01188
2.0125
1.96161
2.03827
1.99428
1.95784
1.98109
1.97606
2.01502
2.01188
1.99931
1.93082
2.00936
2.00371
2.01753
1.98109
1.97983
1.99617
2.00685
2.00936
1.97292
2.00182
1.99177
1.98988
1.99742
1.99114
1.97606
2.02947
1.9792
2.03135
2.00622
2.00873
2.01125
1.97355
1.96852
1.99303
1.9792
2.00434
1.9792
2.00685
2.00685
1.97983
2.00748
2.00999
2.00434
2.02444
1.96035
1.99931
1.98863
1.99114
1.99994
2.01188
1.9635
2.00182
1.97732
1.98297
2.00559
1.98172
2.00119
1.96412
1.9968
2.02004
1.99931
1.95093
2.02256
2.00873
1.98674
2.01565
1.98549
2.00434
2.02884
1.94527
2.02633
2.00308
1.98674
1.9792
1.9792
2.01376
2.00182
1.9635
1.98109
2.01125
1.97606
2.02507
2.0169
1.99868
1.98486
1.98423
1.97732
2.00559
1.99114
1.99994
2.01313
2.0213
2.02696
2.00873
1.99303
2.03638
1.99051
1.99051
2.02821
1.98611
2.03261
1.99742
1.98674
2.00182
2.00873
1.98172
2.01376
2.00308
2.01502
2.00748
1.97481
2.02256
1.98926
2.04581
1.96727
2.02696
1.98046
1.9968
1.98297
1.98109
2.03198
1.96664
1.98172
1.97355
1.99428
2.0125
2.02193
1.99428
1.99051
2.00245
2.00496
2.00748
2.02193
1.99868
1.99868
1.95533
1.96287
1.98297
2.02067
1.9836
2.00308
1.96789
1.97858
2.00622
1.96161
1.97292
2.0169
2.00245
2.05397
1.97418
1.99051
2.07031
2.00999
1.9547
2.02821
1.99365
1.98172
1.98172
1.96287
1.99051
2.05209
1.95973
2.01816
1.96789
2.00811
1.99428
1.99051
2.02444
1.97606
2.00057
2.00622
2.00434
2.00308
1.99491
1.98611
2.02319
2.01188
1.99051
1.97229
1.97543
1.98863
1.99365
2.00182
1.98549
1.96475
2.02067
2.0257
1.99051
1.96161
1.98172
2.01627
2.02507
1.98234
2.00622
1.988
2.01125
2.02884
2.0257
2.00936
2.00559
2.00748
2.0257
1.96915
2.00811
1.98549
1.97983
2.00057
2.01627
2.00119
2.00434
2.02067
1.95407
2.01376
2.01565
2.00559
2.02319
1.99617
2.01816
1.98109
2.00559
1.96664
2.00119
1.95847
1.96915
1.99177
2.05586
1.99177
1.99365
1.98234
2.02193
2.01062
2.04832
2.00434
1.97732
1.98988
1.98988
1.96664
1.9503
1.99805
2.00936
1.99491
1.98988
1.99114
1.99428
1.97795
1.98863
2.00182
1.99994
1.96475
1.99051
2.0169
2.04455
1.97104
1.95281
1.95973
2.0257
1.98674
2.00559
2.02696
2.04141
2.00811
2.01062
1.96035
1.9968
1.99428
1.99428
1.96035
2.00434
2.02444
1.99994
2.03261
1.98486
1.99491
1.98549
2.00057
2.01627
2.01188
1.99805
2.00559
1.97041
1.99491
2.00748
1.98863
2.01753
2.04141
1.97983
2.01627
1.98549
1.98926
1.96601
2.00999
1.9836
1.99428
1.98423
1.99554
2.0213
1.97104
1.97983
1.95973
2.0169
1.97166
2.03575
1.97732
2.00371
2.01627
2.04204
1.97543
2.01313
2.02004
2.0213
1.98863
2.02444
2.01879
1.9547
2.0301
2.01879
2.0257
1.98234
2.04015
1.98674
1.98611
1.98737
1.97606
1.99114
1.99742
2.00685
1.99868
2.01313
2.01439
1.99868
2.00057
1.96727
2.02256
2.01062
2.04958
2.00308
2.02319
1.99365
1.99742
2.04204
2.01816
2.02256
2.00748
1.97166
1.9836
2.01627
1.98046
2.0213
2.02444
1.99554
1.99303
1.99931
2.00936
2.01565
2.01062
2.02381
2.0213
1.99805
1.99177
2.00182
2.00559
2.00308
2.01376
2.01942
1.98172
1.98549
2.02633
2.00811
1.9591
2.02004
2.01816
1.97292
1.99114
1.99051
2.04706
2.04581
1.97292
1.99303
2.01627
1.98423
2.01439
1.98863
2.01565
1.94653
2.03135
2.01125
1.97606
2.00057
2.04015
2.0678
2.00559
2.03952
2.02067
1.98109
2.02444
1.99177
1.97795
1.97858
1.98863
2.01879
1.99931
1.98297
1.99868
2.02067
1.98423
1.9792
2.00119
2.04141
2.00873
1.98863
1.99365
1.96035
2.00245
2.01062
1.99114
1.9836
1.97732
1.99114
2.0257
1.97166
2.02004
1.99303
2.00245
1.9591
1.97543
2.02758
1.97983
1.98674
1.99114
2.01816
2.05334
2.00434
1.97041
2.00119
1.98926
2.02067
1.99491
2.01879
1.99114
2.00873
1.98297
1.98611
2.04643
2.00873
2.00434
2.01502
1.99994
2.00057
2.0169
2.00496
2.00057
2.01753
1.97104
1.96727
1.98423
1.98297
1.99742
1.98737
1.99365
1.9968
1.99868
2.01627
2.01188
1.95281
1.99931
2.00811
1.97041
1.9924
1.98674
2.00559
2.01627
2.02381
1.98926
2.03198
1.99051
2.01942
2.01753
1.9924
1.98988
2.0169
2.00999
2.00496
2.00622
1.97669
1.97983
2.01565
2.00371
1.98863
1.98423
2.00119
1.9924
1.9968
1.98423
1.98674
1.99428
1.99114
2.01753
1.97606
2.00434
1.9836
2.01627
2.0169
1.99365
1.9968
2.04015
1.97166
1.97292
2.03324
2.01816
2.00748
1.99805
2.00434
1.95156
1.9924
1.97543
1.99554
2.01942
2.03135
2.00748
2.03261
2.01816
1.98926
1.95533
1.97041
1.97858
2.02067
1.96412
1.94967
1.9836
2.02696
1.97858
1.99428
1.97795
1.9503
1.96727
2.01627
2.00308
1.99303
2.00622
2.0257
2.0125
1.98109
1.99303
1.97166
2.01942
1.99805
1.98988
1.96035
1.99742
2.01188
1.97481
1.98549
1.97041
1.95847
1.97104
1.96852
2.02319
2.01879
1.98109
2.01879
1.98737
1.98234
2.02256
1.96035
1.98611
1.98988
1.98674
2.03701
2.00245
1.99617
1.99617
1.99805
1.97292
1.97606
1.99303
1.98046
2.01125
2.03638
1.94779
1.97858
1.99554
2.01439
2.01816
2.03638
2.02381
2.03512
2.01439
1.9635
2.00936
1.99051
1.99742
1.97041
2.00119
1.96538
1.97166
2.03764
1.96224
2.00559
2.01565
1.99051
1.98109
2.0169
2.02884
1.98423
2.00057
1.99617
1.99931
2.00873
2.00434
1.96538
1.97481
1.9836
1.99114
1.98926
1.97795
2.0125
1.97795
2.00936
2.00559
1.95784
2.02067
2.00936
1.99303
1.99994
2.00371
1.9836
1.99365
2.00496
1.99617
1.99365
1.98486
2.00496
2.00622
2.00936
1.99114
2.01942
2.01125
1.988
1.97355
1.96475
2.00245
1.99428
2.00748
1.97983
2.01502
1.99491
2.03701
2.01816
1.96224
1.95721
2.01879
1.99303
2.00685
1.9968
1.98863
2.00559
2.00434
2.01125
2.02004
2.0301
1.99805
2.02004
2.01125
2.01188
2.01313
2.00182
1.99994
2.00057
1.988
1.98297
2.02067
1.99491
1.97858
2.02884
2.01188
1.97983
1.98674
1.99554
1.98486
2.02381
2.00245
1.98863
1.9924
2.02193
2.01125
2.01565
2.0301
2.01753
2.00936
2.00811
2.04832
2.01753
2.0213
1.97795
2.02004
1.97858
1.99365
1.96224
1.96852
1.99805
1.98109
1.97732
2.00434
2.00999
1.97292
2.00748
2.0301
1.99177
2.00496
2.00371
1.97229
2.01376
2.00559
1.95658
1.97418
1.99617
1.97795
1.99742
1.99554
1.96915
1.95093
1.9924
2.00434
2.03889
2.00999
2.02067
2.00057
1.97166
2.06026
2.05272
2.01376
2.00873
2.00434
1.98863
1.98988
1.99742
1.99931
1.98674
2.01942
1.9635
1.97606
1.96475
2.02507
1.98172
2.01313
1.97606
1.98988
2.00182
1.9635
1.97669
2.00936
1.94025
2.03073
1.98988
1.98926
2.05586
2.00685
1.95973
2.04455
1.95784
1.97355
2.03512
2.01188
2.01502
2.00308
2.02821
1.9924
2.00873
1.96098
1.99554
1.97543
1.99931
2.00685
1.99491
1.96538
1.98549
1.988
2.01188
2.01062
1.98423
2.03324
2.0301
1.99177
2.00685
2.02256
1.97355
1.98926
1.99177
2.02256
1.96789
2.01376
2.01439
1.97858
1.9459
1.95596
1.99805
1.99114
2.00245
1.97858
1.95847
2.05272
1.99365
2.00559
2.02319
2.04266
1.98234
1.99617
2.02256
1.98863
2.01376
1.98863
2.04895
1.99742
1.99868
1.96789
1.97606
1.98109
2.00308
2.01816
2.00811
1.99868
2.00245
1.97355
1.98988
2.01502
1.98423
2.02507
2.02256
2.00434
2.01627
2.02319
1.99051
1.98046
1.99177
2.01753
1.98674
2.01879
2.00245
1.99994
2.03135
2.01627
2.04266
2.01062
2.00936
1.9792
2.00434
2.0213
1.97041
2.04581
1.99491
2.02067
2.00057
1.99365
2.00245
2.00182
2.00182
1.98297
2.0125
1.98172
2.01816
2.02193
1.99491
1.98109
2.00873
2.00873
1.9968
2.01313
2.01313
2.02381
2.00434
2.00182
2.00057
2.03764
2.0125
2.01879
2.00811
2.0257
1.98046
2.00685
2.00811
1.97355
2.00873
2.02444
1.94967
2.00748
2.00308
2.03073
1.99491
1.98926
1.97418
2.01313
2.02884
2.03827
2.03638
1.97606
2.03387
1.99931
1.95658
2.0301
1.99554
1.97229
1.9968
1.97418
1.99365
1.97543
1.97229
2.02821
2.0125
2.01125
2.00182
2.00057
2.00496
2.00245
1.98863
2.02444
1.99805
2.01627
2.03135
2.0213
2.01439
1.97983
2.00434
1.99177
2.00182
2.01627
2.01942
2.01753
2.05083
1.988
2.02256
2.01313
2.03135
1.99303
1.98549
2.04581
2.00371
2.02004
2.00811
1.98046
1.99931
1.99742
1.99428
1.98926
2.02947
2.03575
1.99303
2.0213
2.00873
2.0301
1.97983
2.01816
1.97104
2.01816
1.99868
1.97983
1.99491
2.00622
1.99868
1.9591
2.02256
2.00496
2.01188
2.03198
1.9792
1.99428
1.98674
1.97229
2.01879
1.97858
2.02004
2.00371
1.96915
2.00811
1.97104
1.96727
2.04266
2.00999
1.988
1.9924
2.02004
1.988
1.95156
2.02947
1.98549
1.97606
2.03198
1.98926
2.00873
2.03073
2.00622
2.02821
2.02319
2.00811
2.03261
1.97732
2.00999
2.00371
2.01753
1.99994
1.98046
2.01125
1.99554
2.00999
1.98486
1.9591
1.97041
1.97292
2.00559
2.00559
1.97606
1.99428
1.97418
1.98172
2.03701
1.95847
1.98926
2.00748
2.02884
1.97355
2.00936
2.00999
1.98109
2.01502
2.02004
2.00182
1.97983
1.97606
1.99428
1.98863
1.99617
2.01627
2.00434
1.99617
2.01188
1.9968
1.97983
2.02758
2.01565
2.0213
2.01627
1.99931
1.95784
1.98297
1.9792
1.9459
1.96727
1.98297
1.99365
2.01942
1.97229
1.98611
1.9591
2.00057
1.98172
1.97481
1.99994
1.97481
1.9792
2.02758
2.01942
1.98737
2.01565
2.01816
2.01565
1.97481
2.00936
1.95533
1.9836
2.03198
1.9836
1.9792
1.96601
1.99554
1.95721
2.01125
1.98172
2.01376
1.99805
1.99742
2.01753
1.988
2.01376
1.99554
2.01942
1.97166
2.00999
2.01879
1.9792
1.97669
1.99303
2.00182
1.98486
1.98988
1.97292
2.00245
1.9968
1.98549
1.99617
2.00308
2.00371
2.0125
1.9968
1.97481
2.0169
2.0345
2.00245
1.98297
1.99491
1.96664
2.01502
2.01439
2.00434
2.0257
1.98172
2.04015
1.98109
1.98423
1.99051
2.02696
1.98863
1.9836
2.03261
1.99051
1.98109
2.00559
1.98486
2.01627
1.97041
1.99994
1.99051
2.0301
2.04455
2.00685
1.99931
1.98172
2.00811
2.00182
2.03512
2.00496
2.04392
1.99554
2.02947
2.00936
1.99303
1.99177
2.00434
1.97858
1.99868
2.00748
1.98234
1.97983
1.97795
1.96035
1.99868
1.97355
1.98109
1.97418
1.97166
2.02696
2.02067
2.00748
1.99617
1.97229
1.99303
1.96224
1.94088
2.05397
2.00622
2.02256
1.97229
1.99868
1.96852
2.02821
2.0301
2.00873
2.01502
1.99428
2.0125
2.03952
1.98486
2.00622
1.98988
1.98988
1.95658
2.01376
2.02193
2.00057
1.98737
1.99994
2.00685
2.01627
1.96538
2.00559
2.00999
2.02758
1.99994
1.97669
2.01565
1.98423
1.96915
2.04706
1.98926
1.9924
2.02758
1.99177
1.98988
2.0169
1.94465
1.98297
1.9836
1.99051
2.02381
1.96978
1.99365
1.97983
1.98486
1.97041
2.00245
1.98737
2.01188
1.97543
1.99554
1.96727
2.00308
1.97858
2.01502
2.0125
2.00119
2.04204
1.94716
2.0169
2.01313
1.98046
1.96664
2.03889
1.99114
2.02696
1.98674
1.97229
2.01062
2.01062
1.98423
1.99868
2.01627
2.00999
1.99051
1.97858
1.97669
1.96664
1.98988
1.97041
2.02067
2.05523
1.98988
2.02381
2.01753
1.99931
1.99994
1.99428
1.99617
1.99114
2.03073
1.98109
2.00308
2.02067
1.99617
2.00371
1.98988
2.01942
2.02256
1.98109
2.0125
1.99177
1.99931
2.00057
2.01502
1.99931
2.00748
2.0213
2.02256
1.99114
2.0125
2.0213
2.01502
1.98423
1.99805
1.9924
2.01816
1.97292
2.01879
1.98737
1.96287
2.00057
2.00748
1.988
2.0125
2.00057
1.95658
2.03073
1.97606
1.99805
2.01313
1.99491
2.03135
1.99805
2.00622
2.01376
2.02633
2.01942
1.97983
1.97606
1.99491
1.97606
2.02067
2.00559
2.03889
1.99805
2.01125
1.99931
2.02004
2.0257
1.99868
2.0125
1.9591
1.98863
1.98109
1.98549
2.0125
2.01188
2.00308
1.9459
2.00936
2.00622
1.95847
2.0546
1.98611
2.00748
1.97669
1.99931
2.01125
1.99177
2.01816
2.03638
2.06277
2.02444
2.00434
2.0125
2.0257
1.9547
1.93899
1.96852
1.95721
2.02884
2.00434
2.00748
1.99365
2.04141
1.96412
2.01942
1.97292
1.97732
1.98863
2.02381
1.9924
2.00622
2.01376
1.98926
1.98926
1.98297
2.00182
1.99617
1.9836
1.9635
2.01376
2.01313
1.95721
1.96978
2.00371
1.97795
1.99491
2.00748
1.9924
2.01125
2.01313
1.97795
2.03324
1.9792
1.97292
2.02696
1.99114
1.96287
1.98863
2.00496
1.97606
2.02193
2.01376
2.02696
1.98423
2.00748
1.97732
1.98423
1.96475
1.99805
1.9635
1.99617
1.99868
2.01753
1.97795
1.96224
2.02947
1.97983
1.98486
1.98988
2.02319
2.00245
1.99617
1.97104
2.00999
1.97229
1.98423
1.98863
2.01627
1.99994
2.01627
1.98297
1.96538
2.00119
1.98234
1.98486
1.99742
2.01942
1.98109
2.02758
1.99554
1.98737
1.99114
1.96601
1.98737
1.99365
1.99931
1.99554
1.99114
2.00936
2.01125
1.99177
1.98109
2.00685
1.99617
1.98423
2.03512
2.01565
1.96161
1.96287
1.988
2.0125
2.04266
2.01062
2.01313
2.01627
2.01816
1.98297
2.01879
2.02633
2.00245
1.9836
2.01753
1.98926
1.99805
2.0125
1.99177
2.01565
2.01753
2.00936
1.97983
2.03073
1.98611
2.02507
2.04392
1.99428
2.01125
1.97795
2.00371
2.04204
1.98109
2.00873
1.9635
2.01188
2.01502
2.00999
1.98988
1.97732
1.988
2.01879
2.04958
1.97606
2.00559
2.01125
2.02884
1.99868
2.0257
2.01376
2.02507
2.03135
2.03261
1.97606
1.99617
1.97669
2.01502
1.9924
2.03701
1.97732
2.00559
1.97858
2.0301
1.99617
1.97606
2.00936
2.03387
2.059
2.01313
1.99742
1.97418
2.01753
2.01942
1.98737
2.03135
2.04895
1.98611
2.01879
2.01627
1.97543
2.00119
2.00873
2.02444
2.0169
1.99114
2.04078
1.98674
1.97795
1.99617
2.0345
2.0125
2.04392
2.00119
1.98109
2.00748
2.00999
2.01062
1.98172
2.02758
1.98297
1.96538
1.98988
1.9792
2.00685
2.00873
2.00057
1.988
2.02381
2.00371
2.01439
2.02067
2.03638
2.00371
1.98046
1.98863
2.0213
2.0257
2.02193
1.99994
2.02507
2.00936
1.99617
1.9635
1.98988
2.03261
1.98863
2.03387
1.99177
1.96475
2.03073
2.02884
2.00999
1.95784
1.98737
1.9968
1.95658
2.00873
1.96978
2.02067
1.99617
1.98297
1.96224
1.99365
2.00748
1.98234
1.99805
1.988
2.02507
2.03638
2.01502
2.00496
2.02821
1.9968
1.99428
2.01879
1.98988
2.01188
2.02758
2.00119
1.9792
1.97104
1.988
2.00873
2.00434
2.02884
1.99931
2.00685
2.00434
1.97732
2.00936
1.98234
1.99114
2.04015
1.9924
1.99868
2.00999
2.03198
1.99114
2.03387
2.00748
2.00434
2.0213
1.98109
2.04141
2.02633
1.97041
2.00245
2.02319
1.99365
2.00496
2.01188
1.96852
1.9415
2.03387
2.00999
1.96978
1.9792
2.01565
2.03073
1.99491
1.9415
2.03198
2.01627
1.99554
1.99617
2.01376
1.99114
1.99617
2.00371
2.00434
2.00182
2.0301
2.02633
1.98611
2.03889
1.95721
2.03889
2.02067
2.0213
1.99994
2.01313
1.98863
2.02444
1.97669
1.9836
1.98988
1.98234
2.00371
2.03198
1.98297
1.99365
1.98109
2.01816
1.97041
2.04266
2.0169
1.99051
1.98549
2.01816
1.99114
1.98234
2.00371
1.988
2.00371
1.99491
1.988
1.96098
2.01502
2.00999
2.0125
2.02381
1.98549
2.02381
1.99617
2.01942
1.99491
2.0169
1.99931
1.98549
1.99114
1.98674
1.98863
1.99868
2.00308
2.01565
1.98737
1.99177
1.99303
2.00371
2.00496
2.03387
2.01439
2.01376
1.99303
1.99742
1.98549
1.9836
2.059
1.97983
1.99303
1.98172
2.01376
1.99617
2.01879
2.00182
1.97355
1.94527
1.9924
2.01313
1.98926
2.01439
2.00873
1.98611
2.03512
1.97795
2.01879
1.97858
2.00999
2.03764
1.98549
2.03324
2.00119
1.99805
2.00873
2.00999
2.00434
1.99051
1.99365
1.98109
1.98046
2.00559
