1.8715
1.9748
2.07087
2.03085
2.06404
1.986
1.85069
2.04452
2.02268
2.03769
1.85814
2.11289
2.04868
2.0804
2.0812
2.11721
2.11499
2.10513
2.11866
2.08027
2.00405
1.94305
1.90164
2.02967
1.88153
2.04258
2.03002
2.07449
2.05507
1.98492
1.86348
2.06529
1.94315
1.96424
2.07514
1.91728
1.96635
1.84721
2.04368
1.95196
2.05832
2.05019
2.17256
2.03372
1.97597
2.20689
1.99916
2.07172
1.89467
1.8099
2.16033
2.04785
2.08174
1.93559
1.93042
2.06611
1.99001
2.02616
2.0626
2.07396
1.94927
1.99365
1.86595
2.15785
1.92457
2.02433
2.12743
1.87586
2.06569
2.25698
1.94062
1.97594
2.02298
2.16056
2.08046
2.13351
1.97163
2.06941
2.00021
2.00316
2.09087
2.19681
2.04762
2.04288
1.86239
2.14787
2.19007
1.87484
1.94058
1.89226
2.08676
1.99761
2.0397
2.08797
1.95404
1.90737
2.03282
2.05713
1.98162
1.86205
2.03808
1.9756
1.9399
1.94128
2.05876
1.90824
2.06211
1.98948
1.9271
2.12313
1.87007
1.93534
1.97083
2.06018
2.08586
2.01263
2.18418
1.68195
2.07907
1.86862
2.15573
1.93361
1.84805
2.01029
2.12863
2.10742
1.97105
1.97009
2.12476
1.93579
2.05428
2.13133
1.89204
1.96153
1.83022
2.06466
1.97177
1.97236
1.97104
1.96069
2.10485
2.13691
1.7818
1.99165
2.02326
2.1689
1.96226
2.15938
1.84421
1.94352
2.09506
2.03589
1.88337
1.90105
1.94834
2.03443
2.08259
1.91123
1.9507
2.07631
1.871
1.77381
2.02429
2.06678
1.89561
2.01708
2.19574
1.82393
1.98895
1.9762
2.10922
2.03681
1.98134
2.00548
1.99163
1.93486
2.00173
1.97576
2.0544
2.03845
2.02834
1.82556
2.05874
2.00687
1.9894
1.92349
2.18714
2.0782
1.93131
1.88763
1.95237
1.95906
1.9706
1.9169
1.99603
2.21554
2.09064
2.0593
2.04519
2.01416
2.05589
1.93713
2.05735
1.93929
2.0421
1.97313
2.10154
1.96666
1.995
2.01253
1.97259
2.10305
1.95165
2.07967
1.98637
1.96496
1.94549
2.02339
2.03343
1.88287
1.98547
2.04468
2.18354
1.89071
2.07467
2.01439
2.10145
1.88234
1.96663
1.88442
2.01079
2.06007
1.92289
2.0367
1.83028
1.90395
2.03164
1.91629
1.99531
1.93228
2.00833
1.88961
1.92014
1.98819
1.89354
1.75675
2.09266
2.11856
1.82845
2.02948
1.94516
1.93571
1.96503
1.85619
2.04969
2.015
2.02218
2.12756
1.74337
2.05196
1.85342
1.81641
2.03282
1.93956
2.09907
1.82315
1.88882
2.0872
1.97957
2.04199
1.8862
1.9799
1.90325
2.13555
1.91247
1.97765
2.10871
2.04873
1.94972
2.11197
1.94959
2.07984
2.0987
1.98354
1.97831
2.13578
1.97147
1.91015
2.04348
2.00325
2.0455
1.89758
2.10673
2.09155
2.07648
2.05135
1.84366
1.89646
1.89621
2.04811
1.98876
2.15345
2.09275
1.94363
2.11272
2.09047
2.04042
1.9019
1.65285
2.10321
2.03571
2.0577
2.06889
1.99635
1.82535
1.95514
2.04096
2.01135
2.02969
1.97791
2.08486
2.14782
1.89062
2.03232
1.72784
1.98907
1.93212
1.98041
2.02608
2.03017
2.22764
2.12861
1.85368
2.06186
1.934
1.97565
1.96078
1.92998
2.14414
2.16282
2.04566
1.90894
2.07593
1.90248
2.10209
1.98249
1.9659
2.00326
2.01824
1.96943
2.16511
1.83456
1.97545
2.0617
1.82169
2.19159
2.0302
1.90589
1.94163
1.96078
2.08725
2.06347
1.93323
2.00052
2.12328
1.99143
2.13753
2.03712
2.01161
1.99726
1.86512
2.00865
1.99583
1.86404
2.08025
2.09572
1.98354
1.95102
2.05264
2.10777
2.19845
2.09177
1.97908
1.96811
1.91818
1.93581
1.84275
2.08011
1.87588
2.15215
1.99779
2.20675
1.79958
1.99624
1.95755
1.94982
1.84777
2.03037
2.12777
1.85873
2.02661
1.98383
1.95379
1.91758
2.02712
2.05603
2.01441
1.8355
1.95384
1.81557
2.02676
1.89761
2.00035
2.11524
1.95314
2.10593
1.98088
2.18717
2.03539
1.93368
2.03741
2.13765
2.02888
1.99126
1.98799
1.97846
2.18381
1.87032
1.99882
2.03832
1.90655
2.06638
2.05156
2.0212
1.90496
2.10845
2.05562
2.14023
1.95678
2.00918
1.92237
2.07121
2.14767
1.90603
2.12858
2.13595
2.13404
2.05268
1.9273
1.97282
1.98132
1.79176
1.98135
1.90194
2.13653
1.91872
2.03963
1.93707
2.11101
1.9675
2.01047
1.86096
2.0859
2.0227
1.9124
1.92004
1.93754
1.96846
2.02752
1.96753
2.18115
2.11916
1.81967
2.02574
1.98956
1.92451
2.1326
1.93704
1.86889
2.1243
1.88796
2.02226
2.04362
2.02329
2.00985
1.95044
2.09034
2.12952
1.95571
2.04246
1.98203
2.06981
2.12302
2.0775
1.91044
2.01215
1.93301
2.13436
2.00404
2.00605
1.82223
2.18004
2.19872
2.02037
2.01433
1.86581
2.17591
2.02825
2.03475
1.91464
2.01706
1.8193
1.93559
1.97725
1.89632
2.06161
1.9175
1.80866
1.94063
2.1661
2.02063
1.98199
1.98689
2.12603
1.84513
2.12814
2.13051
2.14456
2.08091
1.88105
2.02751
2.1
2.24139
1.95472
2.0679
2.07923
2.03662
2.17122
2.02167
1.87306
1.97195
2.02458
2.14944
1.88723
2.06672
2.00584
1.9887
2.1417
2.03149
2.17163
1.99866
1.94606
2.07159
1.83101
2.01771
2.17032
1.91721
1.98556
1.97896
1.96573
2.05811
2.07871
2.0901
2.00224
1.84153
2.05297
2.07801
2.06301
2.14373
1.91047
1.90135
2.07371
1.89245
1.90902
2.07053
2.00889
2.046
2.0417
1.8546
1.94415
2.17064
1.97607
2.03698
2.00393
1.88088
2.07559
2.08762
1.89868
2.15537
2.04119
1.94186
1.92418
1.8108
2.09597
1.98724
1.82568
1.81333
1.94256
1.94393
1.93009
2.00004
2.01848
2.12149
1.94059
1.93384
1.87794
1.91288
1.94446
2.02929
1.8733
2.00744
2.05473
2.03036
1.88834
2.05973
2.08566
2.01161
2.10247
2.00425
2.13662
1.98647
2.03563
2.09249
1.95396
2.01198
2.09069
2.10572
2.07071
2.02242
1.90334
2.14837
2.07715
1.86448
1.90623
2.03962
2.14241
1.85529
2.22375
1.89664
1.87924
2.10654
1.973
2.01681
1.86924
2.09521
1.9113
1.96713
1.93523
2.19558
1.95112
1.86229
2.03209
2.13585
1.98972
1.97926
2.07772
1.87491
2.0901
1.93992
2.00666
2.00526
1.93516
2.05156
1.98657
1.98738
1.91207
2.12706
2.10781
1.98274
2.01143
1.93419
2.11655
1.91201
2.01483
1.95616
2.00845
2.0592
2.0242
1.97384
2.05205
1.74641
2.01948
1.93426
2.044
2.20218
2.09657
2.06595
1.9463
2.01685
2.14806
1.9535
2.06326
2.05938
1.95551
2.03147
2.11853
2.01303
1.9423
2.03362
2.07196
2.00414
2.14014
2.07369
2.07702
2.14824
1.91154
1.96034
1.86932
1.99012
1.84192
2.05495
2.03588
2.02762
1.97618
1.89802
2.0455
2.01407
1.96127
1.95793
2.08196
2.02237
1.90876
1.92068
1.95745
1.94562
2.00395
1.98345
2.11957
2.09425
1.95586
1.93074
2.01919
1.8538
2.07535
1.99842
2.09162
1.93373
2.12453
1.92929
1.97711
1.79812
1.87393
1.89569
2.07899
2.06234
1.82433
1.78788
1.84403
2.03014
1.97411
1.84543
1.91315
2.24773
2.12432
1.96652
2.06735
1.88767
2.12142
2.08958
2.09094
2.21391
2.00614
2.18371
1.93501
1.81581
2.15466
2.05329
1.95887
1.8812
2.07834
1.99394
2.01062
1.88431
2.01919
1.91377
2.04874
1.98744
1.97819
2.0643
2.11829
2.07967
2.11288
2.04265
2.05987
2.26157
1.93036
1.90085
2.02241
1.9224
2.01203
1.97199
1.91886
2.03084
2.00571
1.9509
2.03873
2.07206
2.05871
2.10381
1.88373
1.95849
1.79388
2.00891
1.88938
1.94974
2.02419
1.91533
2.19071
2.11828
2.06095
1.95648
1.95239
2.1015
1.91556
2.10493
1.92501
2.15701
2.08867
1.9059
1.9955
1.98378
2.10861
1.96115
1.93553
2.05488
1.97342
2.15519
1.91733
1.95521
1.90312
2.00172
2.00254
2.14404
2.02182
2.0254
1.951
1.96325
1.9535
2.02547
2.02958
2.07402
2.00906
1.94174
2.04668
2.17964
1.98256
1.82261
2.08606
1.86481
1.97873
2.07641
1.94891
2.02039
1.93228
2.10496
2.02001
1.99809
2.0686
1.9468
1.8879
2.03811
2.13519
2.09879
2.11133
1.93077
1.9938
2.0441
2.06267
2.00733
2.0321
2.01966
1.91311
1.74117
2.12473
1.9097
1.93235
2.00445
1.97352
1.9852
2.12046
2.1143
1.83736
1.68915
2.03549
2.10858
2.08374
1.98238
2.13683
2.06931
2.07547
2.11612
2.03436
2.05769
1.94056
1.88477
1.97194
2.07116
2.03526
2.05531
1.74632
1.79016
2.03326
1.8909
2.03379
1.76336
2.02611
2.21347
1.94288
1.94129
2.05658
1.95354
1.98185
2.0159
2.13937
1.89994
2.12808
2.00844
2.02472
2.10543
2.00274
2.05493
1.98503
1.82644
2.13219
1.93015
2.09902
2.02317
2.0507
1.92374
2.01727
2.07829
1.77442
1.95563
2.04166
1.78813
1.89343
2.01219
2.00304
2.16587
1.89633
1.8693
1.85915
1.95129
1.93018
2.00178
2.06967
2.05258
2.11329
2.00171
2.17316
1.86185
2.04482
1.89482
2.12454
2.0274
2.05465
1.9397
1.95252
2.07952
1.84363
2.13723
2.00093
1.97088
1.93638
2.01828
2.16614
1.8882
2.09459
1.97624
2.09384
2.00198
1.83596
2.21688
2.01015
2.0476
1.99573
2.20626
1.86602
2.10623
1.87116
1.95221
1.8622
1.95827
1.97283
2.05651
1.99114
2.0767
1.97148
2.22765
1.89701
1.93777
1.78203
1.93626
2.0279
1.94945
2.13771
2.04736
1.9293
2.09891
2.02311
2.0868
1.96512
1.89435
2.09724
2.00362
2.05102
1.98048
1.87256
2.00402
2.02617
1.99209
1.89182
1.96922
1.82526
2.07589
2.03069
1.89183
2.08528
1.95187
2.01097
1.97861
1.97288
1.98314
2.01165
1.87611
2.07171
1.97421
2.03302
2.06437
1.80154
1.93474
2.18366
2.03126
2.11754
1.93259
2.1003
2.084
2.11494
2.11057
1.98007
2.13496
1.94618
2.02987
1.71225
2.1422
2.03857
2.0571
1.95645
2.03438
1.90983
2.00075
1.91211
1.92111
2.02034
2.15991
2.15753
2.09796
1.98025
1.88598
2.06282
1.97726
1.98784
1.99654
1.90781
2.04548
2.01646
2.1013
1.98998
2.04974
2.07842
1.98029
2.01985
1.92373
1.93295
2.00187
1.96274
1.92556
1.86338
1.78853
2.17766
1.94543
2.00109
2.10819
1.96717
1.86808
2.06907
1.99556
1.85881
2.16215
2.1788
1.89199
1.85136
1.96102
1.96312
1.99869
1.97099
2.06185
2.03608
1.80091
1.9636
1.96101
2.11795
2.18767
1.98412
2.03935
1.93765
2.05154
2.03887
2.02905
2.01145
2.04197
1.99924
1.90973
1.89471
1.96237
2.05256
1.94777
2.08873
1.81115
1.79742
2.02561
1.88172
2.0163
1.85017
2.06758
1.81381
1.94362
1.82089
1.98495
2.03711
1.94466
2.11599
1.9206
2.0642
2.04628
2.04729
2.0999
1.93026
2.07853
2.1023
2.00251
1.89953
1.97763
2.13309
2.15732
1.96297
2.04029
2.04853
1.93125
2.04637
1.9908
1.98089
1.9875
2.05771
2.03889
1.94527
2.08253
2.04396
1.94376
2.01642
1.97049
1.95217
1.90264
2.21739
2.13207
1.95545
2.03256
1.8842
2.02702
2.16394
2.05397
1.97713
1.82608
2.00494
2.12414
2.00621
1.80273
2.048
1.91526
1.87954
2.11283
1.92599
2.05529
2.01564
1.90202
1.90076
1.95847
2.07314
1.91081
1.99448
1.90101
1.94754
2.0487
1.97142
2.08199
1.9439
1.94202
1.96574
1.97168
2.02755
2.05386
2.06822
1.9247
2.06516
2.01851
2.08252
2.00757
2.06045
1.94328
1.88077
1.81859
2.2124
2.26689
2.02513
1.94625
1.93286
2.10061
2.13551
2.05694
2.06983
2.06855
1.89603
2.01363
1.9663
2.30302
1.91268
1.94832
1.93911
1.93605
2.08137
2.07091
2.0718
1.96139
2.00653
1.79346
2.05561
1.99684
2.00449
1.96751
1.95032
1.88581
2.00958
2.04053
2.10534
1.84924
2.04222
2.05935
2.0402
2.02446
1.83523
1.94801
1.93289
2.00638
2.02408
2.13214
1.89752
1.9178
1.92484
1.95874
1.90698
1.90371
1.98995
2.04724
1.88494
1.95203
1.99103
2.09978
1.93286
2.14512
2.10071
1.94083
1.9918
2.02218
2.04121
1.98264
2.01419
1.96936
2.14585
2.16384
2.06656
2.08257
2.03636
1.95386
2.00086
2.06465
2.09216
2.03078
2.04829
1.92995
1.99063
2.01953
1.97169
1.93483
1.88325
1.88175
1.99057
2.11594
2.11184
1.95309
2.04045
1.95608
2.05482
2.12523
1.98696
1.8629
1.97336
2.11536
2.06077
2.01582
1.86868
1.954
1.95069
1.9605
1.87814
2.02464
1.79761
1.98226
2.20802
2.02642
2.13878
2.11072
1.87241
2.20045
2.02096
2.0346
2.10917
2.09047
1.97915
2.08524
1.9483
1.93681
1.83087
2.01228
1.98125
1.9585
1.7709
1.82577
2.08285
1.98532
1.92624
2.13012
2.07383
2.03593
1.99188
1.91779
1.88447
2.03291
1.97773
1.97508
2.07174
1.95238
1.97453
2.03535
2.098
2.045
1.88731
1.88287
2.14694
2.08943
2.02189
2.01168
1.86022
1.83088
2.13672
1.97709
1.93028
1.99972
2.15328
1.93388
2.05741
1.90418
2.05724
1.89684
2.18211
2.06247
1.92766
1.85114
2.08305
2.15418
1.83195
1.97186
2.02507
2.04667
2.03296
2.04472
1.95355
1.85199
1.82036
1.77688
2.11538
1.8643
2.02464
1.91778
1.9571
1.99292
1.91666
2.02751
2.12313
1.93635
1.99521
2.05881
2.13801
1.94894
1.95863
2.08985
2.01481
1.83281
1.96818
2.00348
2.12053
1.97709
1.97352
2.02639
1.95068
2.00653
2.08199
2.02315
2.0402
2.0274
1.90906
2.01496
1.9931
1.95302
2.05161
1.92683
2.02003
2.22069
1.98509
2.07664
2.07715
1.83538
1.98097
2.03434
2.0521
2.05143
1.94725
2.1125
1.95745
2.06759
1.93279
2.04416
2.01552
1.97018
1.96687
1.84711
1.99328
1.95084
2.0581
2.24532
1.96286
1.83195
2.01443
1.97321
2.09091
1.96785
2.10656
2.0562
1.9795
1.79464
2.13194
1.99716
1.99847
1.92075
1.84514
2.04067
1.92593
2.09343
1.98208
2.0737
2.12713
1.86391
1.97646
1.91608
2.18455
1.92524
2.13213
1.93829
2.11775
2.05542
1.98763
1.91171
1.83739
2.05608
1.94654
2.02057
2.08728
2.00697
2.0211
1.97886
2.08808
2.05477
1.86263
2.05053
2.10001
1.92794
1.87899
1.98349
1.95618
2.10489
2.00765
1.94743
2.1077
2.06127
1.97223
1.92861
2.09566
2.08156
2.06089
2.0101
2.01884
2.00031
2.01278
1.99053
2.03878
1.97943
1.95602
1.92162
2.17487
1.92691
1.81354
1.9832
1.99342
1.91435
1.87981
2.13256
1.86856
2.07093
2.06445
2.13764
2.02848
1.99194
2.1254
1.97446
2.03074
2.09643
1.97312
1.98778
2.0903
1.91585
2.16339
1.94628
1.92806
2.10589
1.99602
2.12153
1.96769
2.11506
1.86511
2.18895
1.94125
2.00313
1.93094
2.0649
2.0434
2.08969
2.10858
1.95456
2.02188
1.88526
2.09574
2.01849
1.88456
1.83484
1.95411
2.12747
2.10744
1.84013
2.12134
1.99808
1.90708
1.91946
1.98229
2.15888
2.02273
1.89544
2.01675
2.09786
1.88483
1.93052
1.90743
1.98565
1.96253
1.99536
2.09419
1.96801
2.03427
1.88867
1.96092
1.96063
1.97162
2.00311
1.8842
1.85513
2.13657
2.16501
1.9148
1.91817
2.01822
1.96441
1.99701
1.92183
1.86794
1.80628
2.14389
2.1185
1.99148
2.01056
1.9293
2.0361
1.89159
2.1036
1.82134
1.91952
2.10632
1.94278
1.97767
1.893
1.95759
2.15321
2.1808
2.03375
1.92762
2.09181
2.20638
1.9067
1.93611
1.94801
2.12256
1.80677
2.14133
1.85323
1.90218
1.94885
2.11208
2.09344
1.88359
2.09131
2.01311
2.05573
1.95326
2.05056
1.94507
2.05743
1.9891
1.90323
1.98356
2.08348
1.96428
1.99386
1.89952
1.92472
1.97865
2.05621
1.98599
2.04296
2.0384
2.02317
2.11717
2.099
2.02183
1.92091
2.10404
1.82073
1.96227
2.05634
1.82261
1.80501
2.07108
1.9765
1.89656
2.07912
1.95072
2.01393
1.85681
1.86893
2.01639
1.93018
1.90965
1.99323
1.9998
1.99627
2.14208
1.96146
2.1117
2.05444
1.95558
1.97062
2.07446
1.98829
1.94212
2.0229
2.04893
2.02909
1.99457
2.12663
2.0519
2.08491
1.85406
2.06357
1.89665
1.86121
1.96221
2.1172
2.05947
2.02878
2.04961
2.01239
1.95552
2.15356
1.9888
1.85731
2.07242
2.03585
1.93043
1.98929
1.90362
1.93466
1.92279
1.90932
1.90154
2.06499
2.03708
2.00034
1.92968
2.03192
2.09848
2.00599
1.93341
2.01214
2.06712
2.07874
2.00635
1.9988
2.05049
2.04823
2.11626
1.98376
2.04864
1.88208
2.0058
2.12075
2.15353
2.02715
1.89143
2.12215
2.01657
1.98535
1.80047
2.02455
1.92843
2.01481
1.92859
2.00931
2.1392
2.05805
1.95434
2.03844
2.02507
2.11844
1.86666
1.79513
2.15687
1.74038
1.9037
1.9287
2.06509
2.15018
1.99629
1.91268
2.0679
1.95113
1.96707
2.06964
1.99129
2.16398
1.94425
2.08038
2.28984
1.76322
1.90702
2.01362
1.87874
1.84236
2.05957
2.12994
2.10497
1.91467
2.06228
1.94796
2.12583
1.99405
1.83048
2.05045
1.92019
2.04573
2.10219
1.95177
1.89473
2.02351
2.09828
1.9913
1.97232
2.05279
1.77708
2.0524
2.02182
2.01043
1.93879
2.09048
2.00107
2.02234
2.00882
1.91968
2.10208
2.10375
2.05842
2.04244
1.92564
2.085
1.9677
1.86127
1.8868
1.92196
1.99524
1.88536
1.88253
1.81469
2.20197
2.14755
2.0203
2.13034
2.17871
1.85741
1.93091
2.09063
1.91756
1.94271
2.03469
1.90644
2.20764
1.94372
1.95677
2.03978
2.00433
2.08292
1.94172
1.89438
1.90548
1.97281
2.0793
2.11236
2.0567
2.00613
1.95386
1.80229
1.96123
2.05495
1.95008
1.84799
2.04223
1.87528
2.00047
2.03965
1.87796
2.09706
1.96682
1.93448
1.91083
1.98975
1.89293
2.28092
1.96915
2.04259
1.84724
2.05097
2.03077
1.99552
2.01418
1.94847
2.21296
1.95818
1.87453
1.95859
2.02618
1.98376
2.25461
2.06505
1.78422
2.01398
1.96165
1.93698
2.09797
1.99121
2.20355
1.80227
1.94686
1.95654
1.99638
2.00417
2.12265
1.91046
2.1551
2.07826
1.97674
1.90505
1.97759
2.10371
2.01244
1.99023
1.91929
2.05303
2.06819
2.03872
1.93305
2.1565
2.0931
2.12201
1.99904
2.08348
2.05854
1.92097
2.0707
1.83288
2.0897
2.02173
1.99965
2.0597
2.07218
2.06502
2.11855
2.22757
2.02984
1.79333
2.01159
1.92153
2.12911
2.03662
2.04605
2.20352
2.03915
1.85208
1.92343
2.12838
1.91288
1.98446
2.03016
1.95894
1.84647
2.03944
2.03092
2.0418
1.96528
1.99092
2.04747
2.17863
2.00034
2.14046
1.88023
2.01295
1.90596
2.11862
2.01908
2.09678
2.03899
2.0729
2.21212
2.06197
1.91617
1.9526
2.04459
2.03872
2.05054
2.04646
2.01667
1.93383
1.97085
1.90254
1.95218
2.13979
1.97017
2.10036
1.92279
1.90497
1.97065
2.08987
2.00262
1.95847
2.06912
2.05262
2.07331
2.1662
2.05486
1.90814
2.03382
2.02466
1.89289
1.86092
2.0922
1.8512
1.78172
2.04266
2.11163
2.06924
2.00817
2.11184
2.0444
2.00907
1.89803
2.00419
2.09341
1.96237
1.99486
1.9337
2.10667
1.95127
2.15193
1.99813
1.95382
2.18357
2.0416
2.09799
1.88892
2.08754
2.01409
2.10394
1.90929
2.02271
2.07428
1.98264
2.05432
2.08995
2.01921
1.99006
2.03317
1.88943
2.07439
2.06416
2.10144
2.15837
1.95068
1.94902
1.89496
1.86991
2.00999
2.03174
2.104
2.12664
1.9797
2.02835
2.06639
1.94671
1.96213
1.95062
1.97483
2.17494
2.22275
1.99161
1.74508
2.09
2.05566
2.00723
2.09992
2.01576
1.82435
2.07283
2.2549
1.87062
1.91995
2.01192
2.03343
2.03269
2.06828
2.1872
2.06165
1.98193
1.9181
2.0031
1.94973
1.82178
1.97465
2.02082
1.87823
1.96943
1.87915
1.9711
2.03015
1.88467
1.99047
1.95102
1.97048
2.09844
2.10001
1.93751
1.94935
2.05635
2.02037
2.11807
1.94137
1.91732
1.8909
1.88577
1.98101
1.98248
2.07144
1.9405
2.00455
1.96173
1.9903
2.0354
2.01321
1.95233
1.88335
2.10318
2.04873
1.91145
2.06375
1.96691
2.07872
1.93976
2.03112
1.93657
2.01658
2.19338
2.05548
2.01613
2.24119
2.0465
2.01549
2.05239
2.04684
1.91529
2.09603
2.11541
1.96193
1.92767
2.01754
1.94149
1.92236
1.92209
1.95694
1.9921
1.89496
2.11194
1.89579
2.03447
2.02796
2.01945
1.72684
1.9719
1.9652
2.06926
2.1638
1.97178
1.80106
1.95379
2.08693
1.95236
1.94403
2.04533
1.88632
2.00206
1.93518
1.92717
2.02645
1.96949
2.12297
1.94309
1.90731
2.01124
2.07901
1.99707
2.09642
1.88987
1.95077
2.02146
2.05485
1.79606
1.83789
2.01337
2.05401
2.00714
2.1272
1.97462
2.01753
2.15663
1.93433
1.91157
1.91218
1.96121
1.98679
1.90527
1.91288
2.1119
2.09144
1.94716
1.90775
2.07479
2.03161
2.13575
2.05798
2.0234
1.93435
2.09185
1.8718
1.97933
2.0428
2.19366
2.0574
2.097
1.96123
1.89359
1.8378
1.94049
2.06074
2.03971
1.97595
1.80859
1.80878
1.98983
2.01999
2.1885
2.02369
1.90374
2.10518
2.01314
1.85843
1.99217
1.9988
1.93529
1.8792
2.03949
2.17498
1.91528
2.10477
2.01092
2.11584
2.0185
2.0235
1.8399
2.00227
2.13427
1.97019
1.97957
1.93848
2.09271
2.18133
2.01248
2.0316
1.98151
2.04117
2.10265
2.10442
1.89437
2.071
1.99406
2.12985
1.96331
2.10461
2.013
2.04534
2.02547
1.95623
1.99088
1.94783
2.00539
2.12605
2.06807
1.95237
2.05866
1.97388
1.93343
2.11288
2.12796
2.01238
2.23014
1.89393
1.89895
1.91667
2.01714
2.02249
1.96294
2.03821
1.91312
1.92089
1.88008
1.97122
2.15178
2.11101
2.08395
2.15562
2.04194
2.01537
2.082
2.06695
1.92968
2.05388
1.89008
2.00871
2.01667
1.99921
1.94473
1.99067
2.01575
2.06369
1.89697
1.82142
1.99909
1.94651
1.94833
1.88214
2.08402
1.88151
2.01377
1.82785
1.95244
1.89374
2.08049
2.0611
2.21341
2.03597
2.09915
2.06239
2.07688
2.15227
1.83309
2.00024
1.96414
2.13567
1.95742
1.95351
1.97825
1.92547
2.16043
2.26982
2.00895
1.92153
2.01892
2.01419
1.94558
1.92988
1.8455
2.05415
1.87661
1.97737
2.02345
1.95258
2.10131
1.95426
2.09014
2.10639
2.01657
1.91729
1.90094
2.01761
2.14991
2.10488
2.10412
2.04042
2.08486
1.8843
2.25115
2.02035
1.90345
2.11796
2.02091
1.99216
1.95749
1.88405
1.9277
1.90969
1.94388
2.12038
2.00331
1.94527
2.06091
1.9969
1.98361
1.88376
1.97708
1.83392
2.01529
1.95093
2.04137
1.96536
1.99301
2.11349
2.08053
1.87198
1.95932
1.87926
2.02085
2.00561
2.02745
2.16802
2.06213
1.93909
1.9701
1.85354
2.07392
2.00653
1.90609
1.90951
2.03418
2.0169
2.2532
2.00708
1.94173
2.10561
2.02557
2.18893
2.11189
1.81038
1.94071
1.92129
1.957
1.85923
1.98237
1.87525
2.1734
2.10502
1.93693
1.9557
1.86718
2.06883
2.08821
1.90946
1.95203
2.0141
2.01017
1.94382
1.99887
2.17896
2.11309
1.999
2.03676
2.04242
2.06012
1.88448
2.06859
1.95528
1.93951
1.7401
1.92848
2.09538
2.07062
1.96363
1.95385
1.863
2.03846
1.99936
1.9759
1.9562
2.0377
2.0017
2.09097
1.95924
2.08172
2.07453
1.8412
1.99001
2.01838
1.99241
2.04819
1.89436
1.97514
2.17244
2.08932
1.9575
1.99948
2.13005
1.90432
1.98449
1.94179
2.08567
2.02487
2.03724
2.00195
1.96101
2.01239
1.87855
1.98708
2.01329
1.83326
1.96889
2.02386
1.82585
2.02531
2.0942
1.97583
2.01733
2.19581
1.94369
1.91581
2.04891
2.01943
1.99615
2.11031
1.9822
2.0431
1.98821
2.03788
1.74627
1.93129
2.12342
2.00207
1.91439
2.07104
2.05938
2.07434
2.06895
1.98943
2.00801
2.07051
2.09183
2.05757
1.98924
2.00369
2.11472
1.98676
1.93483
2.01788
1.89302
2.11763
2.10159
1.95408
2.22999
2.03833
1.87856
2.02523
2.01318
2.0539
1.94733
1.97735
2.14034
1.98921
2.04221
2.0442
1.90266
1.9866
1.97194
1.98439
2.05775
1.92859
1.85587
1.96501
1.93067
2.12448
1.78047
2.00888
2.12753
2.05683
1.9415
1.89178
2.00213
2.10324
2.14543
1.93306
1.90722
1.95747
1.84572
1.89195
1.82689
2.01181
2.05193
1.91551
1.77435
1.80052
2.08235
2.15204
2.19518
2.00781
2.19673
2.01393
2.0587
2.02617
1.8168
1.99279
1.93945
2.07909
1.86933
1.85347
1.97626
2.05099
1.97715
1.88555
1.83058
2.01387
2.14476
2.06487
2.09178
2.05768
2.14882
1.90731
1.84666
1.97818
2.03601
1.96809
1.92897
2.03764
2.11334
1.96254
1.8913
1.92872
1.78112
1.93332
1.95036
2.1878
2.00565
1.74311
2.02397
1.9837
1.94749
1.84876
2.0266
1.96095
1.95923
2.05328
2.06943
1.93524
1.88789
1.84814
2.27814
1.74046
2.05364
1.9105
1.9598
2.00009
2.0298
2.08069
1.95096
1.85463
2.03642
2.0707
2.06503
1.99807
1.96316
1.87543
1.85731
1.95386
1.72257
1.95911
2.1866
2.07439
2.10394
2.01794
2.14919
2.05246
1.90881
2.11005
1.82787
2.10428
1.97936
2.17051
2.01406
2.01855
2.10101
1.98351
1.90898
2.14031
2.05425
1.98311
1.9303
1.92302
1.90434
2.02364
1.99042
1.92241
2.07077
2.054
1.98298
1.98765
2.01258
2.08727
2.08008
2.07573
1.93467
1.87269
1.81726
2.0844
1.98308
1.95576
2.16995
2.10943
2.0134
2.03401
2.08988
1.98938
1.9954
1.99359
2.2411
1.99069
1.95998
1.8655
2.07708
2.02561
1.94877
1.8958
2.32757
2.04308
1.87402
1.98236
1.85807
2.03121
2.09578
1.83108
2.0637
2.04799
1.92756
1.88697
2.15924
2.03887
2.04417
2.17251
1.96607
2.07793
1.77678
2.04194
2.05255
1.89692
1.88432
2.00256
1.97674
2.21177
1.89752
1.89316
2.05829
2.19543
1.93793
1.87879
2.07822
2.00889
2.04221
2.02214
2.07336
2.04043
2.12162
1.85132
1.86246
1.97857
1.93513
1.88031
2.02335
2.16131
2.08962
1.92864
2.02672
2.12751
1.94475
2.00687
1.94301
1.99602
1.92368
1.95969
2.02538
1.95412
2.09426
1.86466
1.93822
1.98345
2.10956
1.82635
2.06176
1.97176
1.91945
1.82192
1.89593
1.85312
1.95886
1.78662
1.98148
2.02222
1.99512
2.1638
1.97081
1.85068
1.92864
2.08437
1.94478
1.91425
2.12422
1.96844
2.06995
1.9097
1.88219
1.94465
2.12068
1.89325
2.04759
2.01377
2.07772
1.92555
2.09101
2.00863
2.13842
2.02604
2.01681
1.97519
1.9922
1.93436
2.08745
1.90405
1.82069
1.90142
2.03636
1.92127
2.05281
2.05729
1.79534
2.14313
2.20361
1.94803
2.04717
1.99204
2.17458
1.87273
1.90233
1.96975
1.94537
2.01039
1.85534
2.11898
1.98843
2.01903
2.12792
2.02933
2.06233
1.90214
1.93188
1.97006
2.04802
2.0719
1.87605
2.01995
1.88719
1.93689
2.09065
2.09367
2.11687
2.04372
1.74061
1.98974
1.97135
1.94909
2.07914
1.97225
2.0212
2.11732
2.03991
1.84128
1.99164
1.96212
2.19437
2.05317
1.88662
2.05296
1.91228
2.20774
2.07236
1.91731
1.87083
2.00504
1.73885
1.82239
2.18618
2.18096
1.92871
1.89676
1.85333
2.04242
2.02718
2.00899
2.084
1.92288
1.71244
1.98305
2.03819
2.09448
2.06462
2.07019
2.07781
2.0468
2.12501
1.85766
1.9648
2.10473
1.88093
1.83116
1.93137
2.01202
1.96368
1.96616
2.03621
2.15228
1.92386
2.0147
1.99046
1.87314
2.035
1.97825
2.06817
1.92566
2.12188
1.97756
1.93013
2.08623
1.96533
2.02225
1.9661
1.98203
1.87942
1.85003
2.00803
1.9591
1.92726
2.04305
1.92921
2.15603
1.9569
1.85881
1.93239
2.06201
1.97184
1.84037
1.8749
1.99458
2.15109
1.8674
1.89065
1.98401
1.91433
2.075
1.93749
1.91239
1.91519
1.91671
2.05096
2.10309
1.96483
2.15628
1.98757
1.9485
1.98689
2.17786
2.06886
2.11366
2.00577
1.96
2.16541
2.02886
2.07392
1.95006
1.84232
1.89735
2.04532
2.06739
2.13921
1.94878
1.9332
2.1351
2.01077
2.04125
1.91155
1.92086
1.90007
2.02476
1.92004
2.08095
2.01999
2.04196
1.93979
2.03625
1.95631
2.04612
1.95394
2.1409
2.00406
2.09744
2.13973
2.03207
2.09641
1.89014
2.03442
1.93709
1.81243
2.10442
1.97699
2.02412
1.92563
1.97363
1.95052
2.0059
1.88669
1.90823
2.00143
1.96927
2.02381
1.99136
1.92562
1.92939
1.94542
2.14487
1.93181
2.14548
2.08618
2.09049
2.02266
1.90663
1.99086
2.18086
2.06605
2.02207
1.9952
2.14669
2.0199
2.06638
1.87883
1.93423
2.02234
1.94878
2.20671
1.96716
1.90602
2.09842
2.24116
2.09286
1.96057
1.82625
2.01225
2.09563
2.05854
1.88675
2.00153
1.90297
2.11016
2.0059
1.83131
2.00064
2.1884
2.04177
1.83535
1.98392
2.05165
2.0538
1.85819
2.14594
1.88896
2.07174
2.09813
1.95403
1.98106
2.02187
1.8993
2.02983
1.86448
1.89406
1.99514
2.13873
2.01765
1.97686
1.83644
1.99939
2.11694
1.89971
2.02429
1.98253
2.00045
1.97653
1.9439
1.98011
1.82569
1.9843
1.75935
1.90467
2.17964
1.90289
2.0021
1.84009
1.8404
2.05696
2.11004
1.98099
1.86825
1.95639
2.12416
1.88619
1.91009
1.95584
2.0515
1.96257
2.0464
1.90053
2.03187
2.01744
2.06693
2.08235
2.05599
2.01349
1.96165
1.95404
1.88752
2.03921
1.93815
2.10489
1.8798
1.9422
1.9772
1.97208
2.23079
2.1133
2.08216
2.06469
2.15386
1.85424
1.97304
1.82979
2.05092
2.13896
1.98976
1.95087
1.95284
1.98633
2.00441
1.87341
1.98245
1.95849
2.13063
2.07842
2.11524
2.00217
1.93657
1.86912
2.06913
2.02389
2.14327
1.97861
1.99585
1.95634
1.91796
1.85629
1.88386
2.06493
2.01369
2.00205
1.84605
1.94996
1.89183
2.03922
1.9505
1.90737
2.08949
1.93982
2.02837
2.04721
2.06325
1.96562
1.95751
1.88096
1.75353
1.95344
2.08601
2.15992
1.97391
2.04225
1.9638
2.05142
1.97024
1.9177
1.98736
2.02324
2.04885
1.96175
1.97786
2.14151
2.15472
2.04088
1.98955
1.93901
2.04084
1.90612
1.90645
2.01128
1.94759
2.01615
2.04563
2.13419
2.06225
1.86351
1.93015
2.01323
2.05475
1.85173
1.87121
2.03853
2.07825
2.05842
1.87283
2.06515
2.08849
1.97085
2.07112
1.96716
1.89231
2.07695
1.89815
2.07498
1.99628
1.938
1.87636
1.95925
1.98946
2.01028
1.86218
2.01477
2.0308
1.86259
2.05956
1.94819
1.95116
1.97297
2.08616
2.11977
1.82513
1.96577
2.0159
2.15959
2.04619
2.12331
1.97439
2.03078
1.82505
2.06337
2.0786
2.00727
2.14012
2.16307
1.89321
1.99993
2.12056
1.91949
2.04257
1.94031
2.19966
2.05178
2.0993
1.92156
1.92185
2.03595
2.0754
1.95416
1.98893
1.79654
2.06138
2.06254
1.89762
2.11346
2.05619
1.99705
2.13868
1.9928
1.92856
1.87028
1.95608
2.00449
1.99333
2.05502
2.02478
1.98344
1.98774
1.93019
2.11364
2.00764
2.20448
1.95001
1.88426
2.02816
2.02081
2.21965
1.95317
1.99031
2.17337
1.9628
2.09203
1.82039
1.9271
1.98608
2.06655
2.13718
1.96853
1.98136
2.0753
2.20233
2.00906
1.90669
1.86429
2.01611
1.98664
2.06423
2.06073
1.97199
2.08205
1.99249
2.04249
1.78582
2.00161
1.95974
1.99004
1.83159
1.99797
2.12424
2.06851
1.95175
2.07967
1.99349
2.05035
2.19065
1.9647
2.04184
1.85044
1.84655
2.03496
2.04729
1.80709
2.24638
2.18303
1.88188
1.93821
2.06828
1.95312
1.86613
2.12617
2.10891
1.92472
2.08377
1.9162
1.83971
1.82193
1.93012
2.01193
1.87701
1.98607
2.06188
1.97873
2.0048
1.89644
2.08766
1.92378
1.98583
2.05469
2.09056
2.09531
1.90718
1.91826
1.9685
2.14731
1.90298
1.89677
1.98349
1.88047
2.14455
2.00464
2.08417
1.99745
2.06949
2.07008
2.03967
1.99548
1.89045
2.01285
2.13153
1.97341
1.98666
2.14883
2.07142
1.98136
1.95808
1.93509
2.18309
1.8895
2.01481
2.03298
2.16361
1.99272
1.99305
1.9303
1.95745
1.99285
2.01127
1.91969
2.00891
1.84106
1.99903
2.15294
2.06412
2.0314
2.04031
1.98323
1.95835
2.05717
2.00961
2.0798
1.92579
2.13679
1.94489
1.97114
1.94275
1.9461
1.98321
2.22983
2.09684
1.85729
1.94653
2.10888
1.98969
2.10603
1.94923
1.93722
1.9502
2.06448
2.03816
2.01674
2.07346
2.03875
1.98972
1.86233
2.00481
2.03263
2.17685
2.0137
2.02217
2.03809
1.98202
2.0176
1.87471
2.11448
2.10336
2.12567
1.88788
1.90856
2.01167
2.10153
2.00125
2.07739
1.84937
1.95818
1.9934
1.91858
1.9553
2.15103
2.07791
1.87609
2.05947
2.13519
2.02183
1.74943
1.87338
2.08945
2.05796
2.07297
2.0154
2.12018
2.05397
1.92204
1.94998
1.83649
2.23587
1.82236
2.07624
2.19779
1.88944
1.91511
2.05789
2.03432
1.98951
2.06996
1.90147
1.99114
1.95104
1.95594
1.96284
2.08496
1.94615
1.88816
1.84885
2.0281
1.87758
2.02198
2.01389
2.02712
2.09083
1.91691
2.0169
2.08655
2.03536
1.86801
2.00715
2.17335
2.00157
1.953
2.01049
1.89667
1.92275
2.0397
2.09583
1.97774
1.98933
2.05186
1.90041
1.87415
2.18553
2.07108
2.04265
2.0127
2.05796
1.98021
1.76878
2.02826
1.96842
2.18402
1.90682
1.84538
2.10551
1.94997
1.92711
2.11998
2.08064
1.91099
2.07866
2.08798
1.98664
1.98515
2.02624
1.88155
1.89697
1.93117
2.01103
1.9921
1.80042
2.04606
1.93484
1.96447
2.00682
2.03263
1.93971
2.04544
1.91037
2.17523
1.91522
2.02619
1.9853
2.03825
2.10628
1.951
2.06043
1.92482
2.04118
1.99657
1.81384
2.05835
2.01998
1.9565
2.14764
2.11395
2.13801
2.18167
1.8821
1.85625
2.11871
2.20184
2.10427
2.09178
2.21007
2.0181
2.05536
1.84257
1.97392
2.03155
2.09011
1.94043
1.93902
2.05153
1.87897
2.06352
1.94744
2.02519
1.93189
2.02536
2.1426
2.03226
2.0495
1.88198
1.87497
1.93152
2.11395
1.97583
1.95664
2.05454
2.14789
1.97186
2.11839
1.99714
1.86494
2.0398
2.07374
1.87703
1.99021
2.0006
1.98515
2.08412
2.11985
1.8896
1.92439
2.08151
1.88612
1.99126
1.99627
2.03674
2.04341
2.04186
2.11885
2.00804
1.91004
1.8293
1.93615
1.94088
1.99443
1.97818
2.06706
2.03648
2.14343
1.97953
1.96827
1.84437
2.11176
2.08982
2.14066
2.1129
1.91843
1.91935
2.1593
1.86324
2.05163
1.89915
1.93727
2.069
2.04303
1.95053
2.15227
1.86842
2.01414
2.16784
1.96442
2.05117
2.03405
2.20404
1.95078
2.2643
1.95719
2.04584
1.86173
2.00125
2.04739
2.01927
2.03971
1.93854
1.87857
1.99558
2.18448
1.87024
1.91035
2.07671
1.98513
2.14826
1.94775
2.14204
1.92577
1.96908
2.05284
1.86517
1.98191
1.88601
2.09443
1.98229
1.90852
2.20418
1.87317
1.90968
1.96124
2.04778
2.06357
2.03989
2.19641
1.95424
2.00815
2.17499
2.00441
2.03075
1.95895
1.98078
1.97942
2.04912
2.05133
1.95445
1.71769
2.01074
2.01222
1.83493
1.88721
2.01394
2.12326
1.8842
2.04354
1.97963
1.96858
1.91427
1.98655
1.90406
1.97633
1.98335
2.07412
1.82211
2.05484
2.05037
2.16909
1.96018
1.99976
1.97405
2.17525
2.01307
2.02148
2.07678
1.9321
2.02901
1.99949
1.99327
2.0732
2.13578
2.14459
2.03087
2.01216
1.82551
1.89453
1.97865
2.06587
2.01936
2.10799
2.14428
1.81687
1.95492
2.16298
2.05349
1.87334
1.86556
1.93823
1.88737
1.95041
1.98594
1.93061
2.09707
1.95273
1.92301
1.83159
2.12027
1.94976
2.0235
1.94789
2.05441
2.07983
1.83665
1.85233
2.01454
2.11714
2.02206
1.85629
1.88082
2.02679
1.98033
1.94184
2.04798
2.11475
1.96238
1.86301
2.0067
1.85975
1.96016
1.88719
2.11285
2.08204
2.14895
1.90315
1.9383
2.03271
1.8687
2.18742
2.03258
1.94467
1.87709
2.13613
1.8986
1.9808
1.79949
1.97797
1.96544
1.86194
1.98731
2.06988
1.94671
2.01317
1.91273
2.13501
2.04971
1.98238
2.09144
1.85799
2.05571
2.07139
2.00904
1.87744
2.24615
2.03725
1.99868
1.95765
2.09883
2.1318
2.08834
1.98484
1.92309
2.11575
2.10971
2.03451
2.17105
2.01792
2.04991
2.0619
2.04862
1.85396
1.88486
2.00548
2.00287
2.03824
1.91423
1.92504
2.0864
2.08422
2.00366
1.98493
1.89711
1.9987
2.05389
2.09734
1.81459
2.02145
2.00627
2.01497
1.91632
2.02696
2.06219
2.06841
2.0834
2.01048
2.00344
2.11725
1.92624
2.18037
1.99957
1.91346
1.95101
2.0291
1.95976
1.98827
2.01693
2.04016
2.004
1.87872
1.93678
1.95625
2.13353
1.92454
2.12438
2.0575
2.04512
2.04953
1.93748
1.94385
1.92946
2.12403
1.87938
2.08457
2.1668
1.84249
2.03396
2.06857
2.006
1.88226
1.95541
1.92081
2.14029
2.06633
1.91555
1.90071
2.29226
2.09159
1.9421
1.99614
1.95613
1.95504
1.91346
1.99167
1.93561
2.11898
2.0175
2.08551
1.98485
2.02092
1.92279
1.96867
2.11795
1.8733
1.98331
2.00674
1.96769
2.04608
2.12546
2.16613
2.08485
2.00129
2.05075
1.96494
1.94012
2.06722
2.03782
2.06156
1.88683
2.0302
1.9495
2.07393
2.22863
2.03055
2.10827
1.98836
1.84303
1.95416
2.15979
1.98486
2.1295
1.97507
1.88347
1.90425
2.16438
2.03798
1.94653
2.02845
2.09887
1.99067
1.81916
1.95238
1.86908
1.93376
2.10176
2.04801
2.00369
2.05593
1.96277
1.84891
2.02462
1.92519
1.91925
2.126
2.06267
2.10988
2.08482
2.0493
1.89821
2.08086
1.88473
1.82175
2.04597
2.0764
1.80559
1.99376
2.06436
1.99825
1.8993
1.80355
1.84856
1.89922
2.10721
1.98199
2.23124
1.97542
2.03493
2.24397
2.01305
2.11026
2.0959
1.92999
2.02696
2.17955
1.87246
2.03478
1.87534
1.99647
2.08151
1.96701
2.05571
2.08076
1.96488
2.17861
2.05649
2.07834
1.94309
1.74591
1.86123
1.92704
1.9886
2.09683
2.06351
1.97025
2.22789
2.14262
2.06829
1.95894
1.9556
2.07582
1.95226
1.8566
2.06671
1.98619
2.01449
1.96827
1.90295
1.92735
1.91236
2.06333
2.01779
2.03557
1.87234
2.04573
1.84175
2.10278
1.90019
1.96144
2.15671
1.91293
1.86979
2.01939
2.084
1.90654
1.87624
1.85889
2.04464
2.07542
1.86789
1.9002
1.94207
1.9946
1.91792
2.03382
1.94033
2.0202
1.9852
2.00464
1.95442
1.85079
2.11192
1.87389
1.99585
2.13558
2.11996
2.04386
1.91373
2.06491
1.9389
2.21704
1.92662
2.0076
2.03336
2.01416
1.94624
2.01459
2.06804
2.03243
2.08302
1.98104
2.17557
1.98072
2.1261
2.00758
1.83464
1.96412
2.06348
2.11552
2.0687
1.98341
2.16071
1.92617
2.01726
2.08524
2.07297
1.97365
1.9479
2.08823
1.96139
2.11122
1.86197
2.04819
1.95956
2.28332
1.89861
1.71862
1.90571
2.06381
2.00742
2.03287
2.05986
2.03873
1.96611
1.84783
2.07978
2.05558
1.98276
1.82347
1.83533
2.0452
2.04855
2.04846
2.00264
1.92452
1.99884
1.96873
1.90119
1.91148
2.15996
2.01425
2.03446
1.93397
2.04268
2.02811
1.98907
1.92287
1.99757
1.9465
2.07236
2.07011
1.93921
2.07772
2.00078
2.1426
2.00847
2.00381
1.97882
1.86931
1.99839
1.87919
1.91906
2.09709
2.11422
1.92321
2.03555
1.98064
2.16102
1.93174
2.16097
1.89968
2.09824
1.95893
1.98689
1.9855
2.0681
1.99907
2.05846
2.16289
1.89106
2.10001
2.00382
1.85063
2.06665
2.07911
1.89845
1.97207
1.92249
1.86583
2.03032
1.99507
2.03677
2.03519
1.83273
1.82834
1.93329
2.0015
2.04211
1.92827
1.90199
2.02262
2.09317
2.02791
2.11629
1.98798
1.94432
2.02351
1.80094
1.93128
1.98318
1.85183
2.17275
2.1038
1.88342
2.12432
1.90032
2.00894
1.99949
2.01209
2.11096
1.8914
2.01716
1.96291
1.97309
1.99103
1.91595
2.13098
1.95119
2.02613
2.00027
1.97987
2.05074
2.00109
1.89862
1.87263
1.88142
1.95267
1.98943
1.92648
2.06423
1.94528
2.00477
1.96458
1.99746
2.02522
2.11209
1.97964
2.1028
2.16181
2.03476
1.86783
2.08182
1.9601
1.97827
2.05868
2.13202
1.95951
1.99539
2.06772
1.95642
1.98895
2.02718
2.00825
1.9195
2.07971
2.02531
2.04208
1.88193
1.91388
2.0555
2.00939
1.97097
1.88963
1.95374
1.86895
1.99532
2.0595
2.02505
1.99101
1.95441
2.01235
2.14415
1.94379
2.02552
1.93106
2.12631
2.10711
1.84252
1.86691
1.9735
2.03171
1.94576
1.86009
1.99141
1.91979
1.94937
2.05504
2.04394
2.01909
1.8852
2.02019
2.01945
2.03357
1.9692
1.82874
2.04619
2.05409
1.90733
1.86724
1.99065
1.87822
2.08149
2.18565
2.15448
1.97212
1.91293
2.13658
2.02191
2.21613
2.12413
1.98092
1.91089
2.10487
1.96596
1.93396
2.03626
1.95624
1.92317
1.82252
2.14679
2.07266
2.03028
1.96192
2.05493
1.977
1.80335
1.99834
2.24095
2.11355
1.97412
2.01563
2.0949
2.26176
1.94914
1.99534
1.96044
1.77564
1.89818
2.00022
1.99154
2.12102
2.10483
2.08977
1.88671
1.97139
1.84554
2.12126
2.03302
1.83971
2.08298
2.04511
2.00938
2.13784
1.95933
2.0963
2.0189
2.00051
1.99466
2.00748
2.12088
1.98685
2.00048
2.05978
1.82495
1.96342
2.07956
1.9497
2.1243
1.79712
1.98631
2.02736
1.99608
1.94297
1.92523
1.9413
2.01852
1.98388
1.88588
2.0648
1.91209
2.02657
1.91572
1.94542
1.88388
1.98656
1.8681
2.02782
2.05821
2.02228
1.99723
1.80532
1.99736
2.06033
1.91477
2.01153
1.96467
1.95277
1.82419
2.01924
1.87568
1.96765
2.17792
1.97237
2.06296
2.05291
1.67743
2.0129
1.93105
2.09126
2.02303
1.94554
1.94585
2.071
1.9815
1.94871
2.02652
1.98405
1.97812
1.92512
2.02838
2.13989
2.03383
1.94928
1.80681
1.88582
1.93816
2.13523
1.88915
1.87141
2.008
1.93667
2.104
2.08599
2.02364
1.87514
1.73644
1.96369
2.0341
1.99013
2.07064
1.85807
1.99483
1.94666
2.06017
1.95377
2.20765
1.96294
1.88548
1.98977
1.8993
2.13673
1.94374
2.00144
1.90006
2.02755
2.13279
1.93352
2.00708
2.13948
1.97107
1.93178
1.88257
1.86344
2.00858
2.06722
1.99129
1.8804
2.01396
2.02861
1.95982
1.90501
1.87417
2.22155
1.89727
2.07422
1.78479
2.07752
1.89245
2.05306
2.00117
1.95184
2.0011
1.94952
1.88976
2.10803
1.94823
1.92606
1.85441
1.97575
1.85434
2.07837
2.03877
2.10702
2.0334
2.00808
1.95272
2.18908
2.08516
1.96632
1.98003
2.20598
2.00669
1.90496
2.05073
2.01408
2.03885
2.22625
2.16658
2.11542
1.97227
2.0773
2.10363
1.92009
2.10021
2.01076
1.98658
2.03243
1.98319
2.09498
2.25519
2.09432
1.87389
1.75597
1.97218
2.12866
1.94197
1.92944
1.99408
2.08398
2.19842
2.08554
2.01381
1.82849
1.85767
2.18449
1.97237
1.90838
2.11889
1.81823
2.17549
2.08672
1.93225
2.08044
2.05636
1.92834
2.01353
1.89339
1.93336
2.19388
2.10874
2.05663
2.11304
1.85082
2.03076
2.09908
1.99617
2.08227
2.08803
1.95101
1.96321
1.9625
1.95901
2.0756
1.8995
2.08382
2.16466
2.0768
1.94333
1.98015
2.04629
2.06824
2.07879
1.82936
2.05036
2.0081
2.12684
1.9803
1.98261
2.05743
1.90235
2.1112
2.00021
1.87854
1.96979
1.84167
1.86505
1.98251
1.91821
1.96712
1.95678
1.91309
2.0562
1.97742
2.20636
2.05927
2.06806
2.11912
2.1172
1.92586
2.09102
1.96319
1.913
2.08414
1.81724
2.02702
1.9708
2.15041
1.80692
1.86982
1.93013
2.12601
1.95718
1.93966
2.10894
2.01173
2.03063
1.91475
2.00419
2.07891
1.84055
2.02471
2.00535
2.02636
1.94822
1.97151
1.98428
1.90469
2.01693
2.03247
1.8153
2.04635
2.14998
1.96871
1.87744
2.20972
1.93384
2.06851
2.0624
1.91865
1.97742
1.87243
1.86625
2.02553
2.05003
1.86014
2.13993
1.91628
2.02944
2.06261
2.01563
2.08284
1.99543
1.97027
2.01508
2.11067
2.01977
2.11871
2.01324
2.12463
2.07221
1.97834
2.17013
1.99068
1.98278
1.98375
1.95766
2.00468
2.10244
1.97865
2.03251
2.13138
1.90893
1.76755
1.7542
1.89157
2.04272
2.18034
2.03138
2.03919
1.91004
2.04973
2.06039
1.89264
1.99136
2.08367
2.02017
1.93696
1.84145
2.0491
2.01524
1.94838
2.1092
2.0427
2.00228
2.19625
2.0603
2.01107
2.0293
1.98315
1.81198
2.00265
1.98368
2.2166
1.9766
2.10504
1.97701
1.88585
1.93234
1.87117
1.89426
2.15819
1.98773
2.02203
1.99265
1.89167
1.9034
2.0419
1.85028
2.05958
1.7834
2.00404
1.96198
1.92159
1.90785
2.01298
1.91628
1.98857
1.87432
1.96789
1.98153
1.76903
2.08126
2.16156
2.00344
1.92737
2.0954
1.86319
1.89283
1.93242
2.12125
1.91181
1.92203
1.91688
2.03947
2.0784
2.132
2.15036
1.97992
1.98167
1.85558
2.01729
1.92573
2.17292
2.11174
2.1114
2.11086
2.08104
2.00552
1.97949
2.01436
2.02997
2.06343
2.13509
1.93409
1.7705
2.14361
1.91581
2.1327
1.94218
1.78526
2.16299
2.1348
1.9815
1.88728
1.9544
1.94678
1.9409
2.06978
2.02969
2.01285
2.02193
1.8628
2.12702
2.01089
2.11276
1.86612
2.14857
1.97109
2.01376
2.00474
1.81878
1.90365
2.00974
2.10422
1.89196
1.94347
1.95317
2.03438
2.04941
2.19292
2.1058
1.83431
1.96422
1.70037
2.055
1.82982
2.00973
1.94829
2.05102
2.05461
2.08166
1.89896
2.0262
1.98482
1.96945
2.00387
2.04458
2.13738
1.91686
2.13046
2.03547
2.07399
1.95021
1.95715
2.12171
1.98196
2.04739
1.82885
2.19129
2.17843
2.03256
1.86993
2.12021
1.95787
2.30024
1.78613
2.01969
1.92537
1.97604
1.9754
1.9921
1.97744
1.95025
1.9868
1.97427
2.03272
2.05524
1.96141
1.90316
1.91571
1.98545
1.96579
1.98081
1.94948
1.84909
1.95799
2.00341
1.9689
2.00027
2.04578
2.00178
1.97137
1.94879
1.99556
1.94866
2.17383
2.08195
1.89895
1.97183
1.95824
2.13419
2.09169
2.0571
1.9254
2.01475
2.04054
1.89945
1.93856
1.88598
1.94506
2.0022
2.07627
2.08398
2.0832
1.83469
1.89745
2.041
1.92956
1.87626
1.942
2.01245
1.8649
1.92567
1.90616
2.07125
2.05051
2.02234
1.95093
1.95736
1.84691
1.91527
2.11044
2.01234
2.08146
2.15812
2.16494
2.06861
2.06777
2.05284
2.13022
2.08935
2.07358
2.15137
1.92839
1.94419
2.00319
2.09677
2.23687
1.9933
2.00633
2.08823
1.95308
2.04636
2.13604
1.96352
2.11783
2.01979
1.91439
1.95454
1.91357
1.90307
2.1563
2.00726
2.18068
1.93318
1.98133
2.06622
1.90609
2.17371
2.10207
1.9887
1.95413
1.85847
2.03555
1.98802
1.98243
2.10346
1.99755
1.96056
1.90681
1.95582
2.15308
1.9521
2.06894
1.93582
1.96118
2.19008
2.07455
1.86646
1.98366
2.13868
1.82039
2.2454
1.96768
1.88414
1.9869
2.01514
2.18103
2.0837
1.94007
2.02043
1.897
1.96512
1.97062
1.92439
2.04091
1.97323
2.16905
1.93399
1.92935
2.05071
1.99255
2.00648
2.05148
1.91096
1.8381
2.13808
1.95608
2.04661
2.04828
2.1202
1.81516
2.08293
2.06195
1.88529
1.94327
1.95569
1.92244
1.9077
2.06395
1.95325
1.94007
2.11914
1.92938
1.97643
1.99181
2.0629
1.83444
1.97059
1.89988
2.0445
2.07714
2.02611
2.03643
2.08763
2.06284
2.04538
2.17397
2.00308
2.01091
1.92166
2.11641
1.9158
1.79238
2.03151
2.02742
2.1843
2.05102
1.96955
1.93271
1.85136
2.03088
2.00101
1.93125
1.92648
1.78431
1.95583
1.97572
2.10028
2.03371
1.93647
1.87673
1.93265
2.04706
2.01882
1.93693
1.82973
1.95137
2.02279
2.05248
2.13018
1.97428
1.81916
1.75086
2.07773
1.9601
2.00561
1.8762
1.95304
2.02986
1.95381
1.96111
2.06716
1.84153
2.02634
2.05974
2.01288
1.8802
2.17341
2.01916
1.94408
2.01294
1.96655
2.04126
1.91999
1.97413
2.09865
1.85351
2.04999
2.03659
2.03354
1.95024
2.03973
1.98376
1.95672
2.04372
2.10482
1.98109
1.92695
2.0788
1.97139
2.21525
1.93347
2.11203
1.96525
1.87921
2.09263
1.90133
2.0956
2.03944
1.92061
1.92369
2.0098
1.9786
1.97781
1.94499
1.88076
2.02185
2.10701
2.01585
1.95133
2.01784
1.93753
2.0846
1.94578
2.16686
2.05637
1.91766
2.00391
2.08494
1.75273
1.92864
1.98079
2.10774
1.90484
1.99822
2.04309
2.11339
2.08911
1.98051
1.92701
2.02989
2.03954
2.10783
2.00972
1.97369
1.9211
2.01188
2.07323
1.93783
2.05032
2.10236
2.01879
2.06809
1.93216
2.07074
2.12923
2.10547
2.04861
1.93366
2.03732
1.98997
2.16041
1.92798
2.01986
2.17137
1.85885
2.00133
1.92029
2.08542
1.88452
2.22647
1.92565
2.09528
1.90426
1.97958
2.12627
1.915
1.87502
1.96935
1.85377
1.82509
2.10554
1.99781
1.99606
2.04812
1.98428
1.87358
1.98264
1.83263
2.03391
2.07723
2.01693
1.99068
1.99553
2.12045
1.89504
1.98273
1.93303
1.96063
1.9985
1.95925
1.96279
2.04608
1.8529
2.04751
2.13491
1.9651
2.01584
1.97802
2.08403
1.89165
2.09859
1.92343
2.16733
1.93219
1.93702
1.8387
2.12181
1.92198
2.00599
2.10619
1.81454
1.99095
1.90337
1.85799
2.068
2.23503
1.92766
2.04205
2.05538
1.97263
2.04188
1.78615
1.97152
2.075
2.07865
2.03026
2.02734
2.02767
1.91937
2.13247
1.97282
2.10214
2.0566
2.0298
2.11114
2.00359
2.19507
2.08474
2.06139
2.03696
2.15366
2.04417
1.7684
1.9448
1.93262
2.03462
2.04423
2.21895
2.01365
1.97332
2.02801
1.87821
1.66538
2.02092
2.10569
2.14959
2.06589
2.18868
1.80525
2.02163
2.00819
2.02102
1.92027
2.02957
1.92472
1.84939
1.98955
2.02983
1.89829
2.06402
2.07556
1.91058
2.07399
1.90649
2.07365
2.0054
2.06911
1.94032
2.12403
2.07051
1.78556
1.90177
2.08327
2.13492
1.94735
2.00882
2.14848
1.92385
1.88025
2.01464
2.11832
1.95671
2.0124
1.96816
1.9493
1.93923
1.99678
1.8804
2.00375
1.93577
1.79757
2.03696
2.08223
2.03087
2.11371
1.89786
2.14548
2.00229
1.95075
1.95475
2.27109
2.12847
1.74023
1.85877
1.92044
2.06799
2.12894
2.14276
1.83951
2.01605
2.18157
2.00178
1.82375
1.98871
2.11748
2.04557
2.19425
2.00215
1.98896
2.02848
1.92345
1.94803
2.07943
1.97617
2.14272
2.0712
1.88816
2.07096
2.14801
2.00381
1.92716
2.10008
1.99347
2.01444
2.03279
2.10008
2.11473
1.90712
2.04299
1.89992
1.95927
2.10074
2.02288
2.0093
2.07527
2.10813
1.89213
2.10955
2.14138
1.9714
2.00152
1.97412
2.13497
2.17368
1.79515
2.06672
2.07504
2.04855
2.01684
1.85981
2.02558
2.02448
1.9041
1.97281
1.87001
1.99362
1.9992
2.17326
2.10578
2.14768
2.10919
1.84894
2.0464
1.97135
2.0727
1.91597
2.13027
1.93732
2.06524
1.97017
2.01251
2.04312
1.91777
2.15242
2.01073
1.91881
2.09257
2.01272
1.9103
1.95577
1.94418
2.03428
1.9524
1.99666
1.89407
2.02861
2.01506
1.98684
1.9611
2.06746
1.83687
2.1622
1.95236
1.95876
2.16259
1.85563
2.20146
2.11374
2.04054
1.99927
2.06497
1.95275
1.94843
2.08523
1.9454
1.8542
1.95019
1.88846
2.05922
1.90308
1.91205
1.73489
1.95632
1.96754
1.967
1.87119
1.9473
1.918
2.06804
1.96692
2.15488
2.06619
1.96863
1.9856
2.01264
2.06162
1.88718
1.87328
2.11099
2.14021
1.97038
2.08501
2.10535
1.93631
1.87944
2.0928
2.03254
1.986
1.89136
2.10527
1.98816
2.04022
1.91733
1.91237
2.10095
2.13721
1.97364
1.91794
1.98358
1.83719
1.98878
1.9926
1.89095
1.98709
1.97485
2.03655
1.9943
2.02662
2.18859
2.1088
2.0564
1.97815
2.05426
2.05392
2.04928
1.94722
2.07586
1.83272
1.95826
2.05191
1.98914
2.17517
1.8435
1.97162
1.9046
2.0453
2.10901
2.0209
2.06489
1.99794
2.05928
2.03703
1.97629
2.05503
2.02373
2.01051
2.03453
2.05893
1.98722
2.08902
2.21645
1.93312
2.14927
1.92806
2.00234
1.97741
1.98649
2.14809
2.12497
2.034
2.02721
1.92602
1.91808
1.94364
2.06343
1.95757
2.10547
1.83252
2.09043
1.95197
1.79008
1.96548
2.10045
2.05594
2.0304
2.12931
1.92955
2.01634
1.96113
2.06904
1.98213
1.92988
2.01305
2.21148
1.9165
2.00398
2.04966
1.82165
1.99967
2.01917
2.08638
2.12075
1.93717
2.21915
2.1083
2.01651
1.94995
1.87292
1.95136
2.00186
1.9068
2.05613
1.95309
2.11237
2.20717
1.8183
2.07334
2.02889
1.98135
1.89717
1.75785
2.02961
2.0133
1.97651
1.9925
2.00831
1.98229
1.89167
1.968
1.90259
2.0249
2.03736
1.90451
2.07624
2.0032
1.97115
2.03943
2.02359
1.98759
2.10252
2.19027
2.00019
1.96278
2.02127
2.05263
2.16107
2.06209
1.90885
1.89222
2.07245
2.04233
1.93114
2.07991
1.90591
2.02244
2.00778
1.94925
2.07173
1.92008
2.09587
2.0045
1.98368
2.14888
1.97714
2.03361
1.98815
1.80891
2.0415
1.94251
1.92833
1.96656
1.91515
1.97413
2.01551
1.85433
2.11682
1.97543
1.93265
2.08293
1.95257
2.05476
2.08661
1.97628
1.94661
2.00239
2.03019
2.15653
2.01411
2.07
2.03221
1.92317
2.00359
2.08667
1.99766
2.11172
1.95899
2.08946
1.94346
1.94042
1.80248
1.84614
2.17398
1.98076
2.0024
2.07578
1.98835
1.98261
1.9897
1.88818
2.02399
2.06749
2.0024
1.99396
2.14194
2.0011
1.98955
2.05453
2.15474
1.95658
2.05871
1.87612
2.07167
2.17678
1.88913
1.93346
2.16536
2.00448
1.94894
2.09371
2.27195
1.95572
2.13815
1.91582
2.03683
2.06553
2.03743
1.9112
2.11086
1.86963
1.94065
1.87767
2.11173
2.03174
2.06351
1.92829
2.02145
1.99106
2.11156
1.85188
1.84953
2.01556
1.98033
1.7241
2.0225
1.98041
2.03072
1.96987
2.06265
1.91312
2.09666
2.13085
1.98289
1.88272
2.01902
2.0278
2.05782
1.93364
1.9858
2.09424
1.9837
1.95725
1.77745
1.97464
2.04754
1.80241
1.98004
2.00126
1.88082
1.99093
2.01279
1.93908
1.83204
1.90519
2.04203
1.96118
2.11577
1.99536
1.99201
2.12865
2.00142
1.87157
1.89695
1.94428
2.12824
2.21944
1.95837
1.88977
1.89386
1.97588
1.9485
2.00889
2.03237
2.04231
2.0658
1.94873
1.91175
1.84326
1.96982
1.91234
2.08381
1.89343
1.96893
1.87752
1.9408
1.82167
1.8015
1.81495
1.77439
1.97968
2.02066
2.00284
2.07662
1.88515
1.96671
1.97937
2.02837
2.04924
2.02394
1.91474
1.91237
2.12483
2.00641
2.08086
1.90707
1.89988
2.02251
2.15846
2.04909
2.06487
2.02817
2.14424
2.11738
2.0503
2.01232
2.0926
1.93804
1.76991
2.06332
2.0873
1.93597
2.02417
2.05176
1.97387
1.93903
2.04436
2.02159
2.13481
1.98164
1.89673
2.11301
2.12229
2.09835
2.13712
2.08224
1.96513
2.01277
1.97591
1.95801
2.08737
1.96954
1.83934
1.89303
1.85743
1.84657
2.10676
2.11879
2.10192
1.83614
2.02333
2.03612
1.91035
1.93486
2.1295
2.01466
1.97346
1.89169
2.06039
1.91939
2.02573
2.05184
1.99372
2.02874
1.9465
1.97879
2.11885
2.07196
1.99971
1.9414
1.9632
1.87944
1.92609
1.98075
2.05953
2.07407
2.09209
2.05696
1.97165
2.12178
1.82285
2.08934
2.06576
1.90745
1.98798
1.91535
2.06789
2.03369
2.19803
2.0189
1.96998
2.02162
2.09434
2.02062
1.80604
2.03035
1.91637
2.04087
2.02365
2.16833
1.86663
2.09792
1.84711
2.0844
2.04181
2.01539
2.1137
2.11848
1.98911
1.99288
1.99553
1.84534
2.07897
1.97169
2.13536
1.97318
1.94535
2.05192
1.96607
2.0933
1.931
2.12976
1.86483
1.94317
2.18023
2.04527
1.87026
2.03103
1.80898
2.04613
2.26928
2.22238
2.00765
1.91626
2.0729
1.98655
2.16374
2.03466
2.10164
1.91119
1.94093
1.99486
2.11624
2.10815
2.04937
1.96826
2.04835
1.9007
1.98488
1.95661
2.00563
1.98301
2.07932
1.97817
2.17173
2.11791
1.83067
2.0367
1.95851
1.92646
1.95308
2.23045
1.95703
1.88066
2.09914
2.07198
1.85669
2.08114
2.00442
1.87311
1.94018
2.02662
2.16028
1.99849
2.04336
1.92769
2.15345
2.07735
1.82082
2.05224
1.90781
1.99577
1.89694
1.96956
2.03397
1.95759
2.11049
2.01067
1.97157
1.90897
2.16209
2.11092
2.03201
1.81855
1.97018
2.02868
2.16406
2.02329
2.16205
1.91007
2.10481
2.02133
1.93745
2.13888
2.18833
1.91443
2.07972
2.14515
2.07512
1.98988
2.12758
2.13455
1.92181
1.83173
1.94133
2.19455
2.09216
1.93438
2.05464
1.98001
1.99507
1.94146
2.02724
2.09262
1.93791
1.90971
2.01057
1.9896
1.96607
2.00096
2.13096
1.92131
1.80912
1.96825
1.97222
2.16698
1.85377
1.992
2.08654
1.81195
1.94585
1.9537
1.95604
2.01622
1.97023
1.95549
2.04754
1.98434
1.9984
2.05099
1.87486
2.06866
2.0124
2.01281
1.95634
1.87474
1.9354
1.96623
2.01773
2.01103
2.05792
1.78609
2.03608
1.805
1.96753
2.06362
1.84317
2.12483
2.09395
1.96587
1.86028
2.13335
1.98965
2.12751
2.01076
2.11752
2.07191
1.98705
1.97251
1.94551
1.98844
2.00331
2.06995
2.13937
1.96091
1.95198
1.91354
2.09002
2.12567
2.08249
2.12983
1.90552
1.96259
1.92531
2.08014
2.22104
1.97613
2.07375
2.09415
1.90477
2.06795
1.90304
2.0579
1.92463
1.98148
2.11263
1.94485
1.97482
1.97971
2.08826
2.08564
1.97115
1.96026
1.95847
2.12377
1.97771
1.89683
2.05689
2.14834
2.01271
1.972
1.87103
2.05256
1.92699
1.83047
2.04805
1.92845
1.99574
2.18133
2.04709
1.98898
1.98815
1.88147
1.95974
2.00375
1.8761
2.15139
1.89752
1.92281
1.82444
1.9312
1.77838
1.94428
2.01243
2.05673
2.05466
1.97846
2.09453
1.80739
2.15118
2.01836
2.08654
1.8657
1.90862
2.19883
1.84165
2.07657
2.00532
1.97141
1.88043
2.04301
1.94473
2.10626
2.05803
2.03458
1.99016
1.91829
2.00011
2.0924
2.00716
2.06405
2.01401
1.87721
1.97846
2.0196
2.00192
2.00902
2.03536
2.15243
1.88171
2.07684
1.81954
1.90503
2.17748
1.96498
2.01879
2.03368
1.89772
1.91862
2.01089
2.05271
2.01859
1.98351
1.8555
2.14538
2.05961
2.18573
2.01418
2.05417
2.00695
1.98602
1.96075
1.98827
1.97611
1.83173
1.98724
2.04347
1.95675
1.93235
1.9135
1.86324
1.98842
2.10478
2.01411
1.92465
1.96462
2.05233
1.96959
1.94152
2.10603
2.02397
1.96503
2.07047
1.95899
1.83718
1.8937
1.99045
1.98186
1.91128
2.04754
2.03118
2.0801
1.87186
2.0455
1.94913
1.95282
1.91515
1.84618
1.95822
1.99099
2.00511
2.06459
1.76316
1.91468
1.91595
1.97147
1.94969
2.13928
1.95407
2.07778
2.11586
2.11605
2.0459
2.23012
2.0326
1.96537
1.95043
2.20241
2.12317
2.00691
2.00908
1.7972
1.86631
2.1602
2.01334
2.06056
1.91275
1.96773
2.2147
2.00308
2.03195
1.84438
1.89291
2.10402
1.83805
2.09008
1.94826
1.84228
1.93257
1.89495
2.09742
2.04633
2.04103
1.98265
1.9501
2.08479
2.08081
1.88318
1.8693
1.93863
1.94344
2.07299
2.15258
2.11275
2.12056
1.87462
1.8975
2.09522
2.12211
2.02314
1.98662
1.94646
1.97964
2.06836
2.15412
1.98526
2.05075
1.99252
2.01711
1.86374
1.83547
1.9916
2.0537
2.06315
2.02432
2.10643
2.04983
1.90451
2.1044
2.08951
2.01935
1.97307
1.97386
1.79838
2.01593
1.95571
2.05416
1.88831
2.09197
1.79265
2.05543
2.13504
1.89291
2.00642
1.95863
2.15369
1.97793
1.92655
2.06696
1.83773
1.95879
1.93248
2.06422
2.00674
1.99667
2.09539
1.88766
2.08465
1.88917
1.93785
2.14204
2.08754
1.95347
1.90081
2.02708
1.95447
1.88974
2.06484
1.99106
1.927
1.94185
1.96506
1.892
1.91439
1.84149
1.98535
1.99986
2.07378
2.05478
2.06921
1.90625
1.95108
2.02049
2.15154
2.04456
1.89888
2.0345
2.1223
2.1635
1.88075
2.13202
1.94848
1.9438
2.03843
2.02598
2.0105
1.91899
2.07188
1.96096
1.78323
2.18395
1.96694
1.93872
1.97999
2.06802
2.07901
1.94338
1.90773
1.96793
2.09607
1.88185
1.83869
2.02371
2.13796
2.19592
1.97462
1.99051
2.13082
2.16101
1.99226
2.16195
1.79324
1.89716
2.14941
1.94352
2.01152
1.84511
1.88361
2.07278
1.99337
1.98526
1.90495
2.08491
2.0574
2.10711
2.04203
1.97866
1.86873
1.95548
1.86457
1.95835
1.94257
1.8709
1.98579
1.89942
1.95693
2.19201
2.09773
2.09613
2.17196
1.91946
1.95243
1.9381
2.05487
2.09533
2.02004
1.83844
2.01792
1.99436
1.86704
1.92894
2.14554
2.14229
1.85095
2.02857
2.11033
2.16392
2.01707
1.94339
1.96014
2.06615
1.86935
1.92604
1.98878
2.10602
1.83195
2.02854
1.95351
1.9466
2.13201
1.98845
1.98472
2.16796
2.01217
2.05044
2.11666
1.9836
1.91988
1.98103
1.9017
2.11732
1.90178
1.83651
2.16351
1.86668
1.89435
1.84756
2.00907
2.11031
2.09302
1.79058
1.95824
2.26116
2.12019
1.78634
2.22177
2.06001
2.16157
1.86359
1.83204
1.92462
1.95676
2.01007
1.84834
2.09573
2.08164
1.85942
1.99718
1.95115
2.00603
1.98872
1.92684
1.76462
1.93822
2.08929
1.90662
1.82675
2.21014
2.03261
2.03988
1.95021
1.87044
2.05224
2.14336
2.04454
2.03766
2.05982
2.1236
1.8934
1.94794
2.09592
2.12519
1.97132
1.95936
2.1868
1.89603
1.76253
2.11773
1.8791
1.99582
2.13132
1.92693
2.0221
1.72047
1.93789
2.08112
2.05972
1.99699
1.98934
2.05837
1.92036
1.98448
2.03042
1.95668
2.13723
2.11576
1.94576
2.11649
1.94578
1.99475
2.18323
2.06203
1.96339
2.01817
2.08964
2.07982
2.01155
1.93688
1.92216
2.09028
1.83606
2.04995
1.89639
1.99737
2.08723
2.01969
2.12709
2.02855
2.14744
2.09317
2.04891
2.05258
2.0946
1.8834
2.09583
2.01504
2.03216
1.92395
1.93313
1.87158
2.01553
1.9334
2.10468
1.97599
1.94724
2.06764
2.14042
2.0251
1.93781
1.93303
1.98326
2.02148
2.04527
1.94274
1.86941
2.03099
2.12221
1.92095
2.09317
2.0264
2.02791
1.93674
2.0443
1.89469
1.91641
2.05897
2.07877
2.12496
2.17237
2.03065
2.0156
1.84328
1.97364
1.87747
1.83332
1.97625
1.93077
2.04276
1.87557
2.04672
2.10271
2.0163
2.15002
1.92016
2.08144
1.83894
2.11061
2.03306
1.99549
1.97609
1.98697
2.0647
2.00788
1.95313
1.83737
2.01172
2.02086
2.07191
2.17109
2.03446
1.98306
2.07678
2.04055
1.97876
1.98748
2.01055
1.98606
1.87667
2.09448
1.93837
2.06083
2.04074
1.94925
2.14882
1.97626
2.05641
2.00158
2.13694
2.11943
2.00089
2.06396
1.87307
1.95798
1.95633
1.86553
2.02643
1.85287
1.96595
2.15587
1.95016
2.07501
2.05974
1.84858
2.04586
1.97758
2.12599
2.01088
1.81817
1.98797
1.93813
1.94468
2.05214
2.10312
1.97427
2.07674
1.75436
1.94291
1.94771
1.82655
1.9774
1.89663
2.01201
2.0234
1.8502
2.04851
1.99649
1.90201
1.92101
1.96092
1.78323
2.04791
1.96409
2.03616
2.0246
1.97433
1.98006
1.96371
1.97165
1.90701
1.8666
2.14207
2.0013
2.02159
2.09169
2.07112
1.90042
1.93402
2.10375
1.97374
2.13788
2.05604
1.89817
2.07218
2.0748
2.07959
2.13478
1.99378
1.96257
2.08314
1.98236
2.12668
2.01213
2.2128
1.9875
1.97209
2.02495
2.01643
1.90172
2.01971
1.82612
1.98922
2.0274
1.92486
1.94632
2.01864
2.11188
1.92359
1.83545
1.83327
1.91261
1.79545
2.12277
2.00587
1.84013
2.03808
1.94667
1.90067
2.30312
1.91039
2.05548
2.11256
1.71371
2.0758
1.97298
1.81618
2.21178
2.06287
1.93146
2.05526
2.02192
2.04373
1.97881
2.02292
1.98519
1.87372
1.89686
1.84558
2.09783
2.02074
1.90894
1.8389
1.99608
2.03741
2.05972
1.84871
1.99735
2.13776
1.87378
1.97005
2.01844
2.03832
1.89486
1.86586
1.8142
1.97939
2.04617
2.08617
2.06722
2.03408
1.96058
2.12283
2.04133
1.97588
2.03222
1.96627
2.00424
2.04503
2.05088
2.08241
2.061
1.86363
2.01632
2.03496
1.91461
2.06408
1.93315
2.02125
1.99764
2.01144
2.01273
1.93418
2.08677
2.10125
2.20434
1.94786
1.91012
2.10132
2.02588
2.09293
1.98797
2.06305
2.05277
1.99474
2.05722
2.03661
1.9781
2.09513
1.9651
2.14458
1.95079
2.10808
1.83397
1.93712
1.99992
2.05221
2.08588
2.16628
1.95144
2.08669
2.0179
1.88031
2.11738
2.09135
1.94953
2.23991
2.16794
2.00884
1.84102
1.95634
2.09645
1.92287
2.10281
2.09803
1.95996
1.882
1.98365
1.97003
1.88061
1.8485
1.90502
1.99503
1.8589
2.09425
2.17635
1.94695
1.86069
2.01323
1.88694
1.95314
2.15163
2.097
1.96054
2.03042
1.90364
2.17724
1.96151
2.12571
2.18953
1.8474
1.91978
2.0088
1.88391
1.81353
1.71795
1.86919
2.10409
1.97945
1.97737
2.00179
1.89085
1.91324
1.99644
1.95532
1.97046
1.89392
1.96804
2.02636
2.02626
2.01759
1.88839
1.9781
1.88336
2.11401
1.75899
1.91297
2.08748
2.187
1.99766
2.06191
1.90329
1.9824
2.04152
2.05308
2.09931
2.11827
2.144
2.02949
1.92963
2.12543
2.08068
2.05298
2.15861
2.1533
2.09999
2.06679
1.94991
2.28419
1.73321
2.08047
1.9055
1.92121
1.9579
1.98331
2.0499
2.15426
1.96724
2.01003
2.02197
1.96047
2.09036
2.02268
1.92177
1.95584
1.95738
2.12603
1.88333
2.03272
2.10914
1.91331
2.04802
2.01211
1.93744
1.93462
1.79224
2.04086
1.83593
2.06019
1.94447
2.11075
1.9279
1.96825
1.99016
2.11832
1.9926
2.06673
2.11783
2.0171
1.80123
1.95112
2.00867
2.08729
1.99733
2.07154
2.03634
2.0256
1.91605
2.02725
1.97365
1.74701
1.94013
2.14252
1.99853
2.00125
2.0985
2.08043
1.96442
1.89243
1.83652
1.9719
1.87116
1.93668
1.91115
1.88729
2.02908
1.89754
1.93927
2.03515
2.0598
2.17894
2.05497
1.97972
1.99491
1.97563
1.92316
2.05968
2.03106
2.03254
1.87247
1.95573
2.09582
2.19758
1.88211
2.01286
2.09696
1.80436
2.03445
2.06674
1.80445
1.83007
1.95191
1.96144
1.91333
2.14321
2.05688
1.89899
1.9023
1.94815
2.01827
2.16146
2.03048
1.89363
1.96349
1.99394
1.96157
2.10777
1.87789
1.90238
2.29989
2.05515
1.79843
1.73164
1.74745
2.00496
1.94964
1.94768
2.06082
2.13167
2.07258
1.93636
1.92871
2.03805
2.01762
2.14286
1.99277
2.03002
2.0887
1.9567
2.04645
1.9642
2.14347
2.10348
2.00185
1.86095
1.98766
2.03813
2.03995
2.12988
1.90209
2.01454
1.85885
2.14778
2.08967
1.96981
2.01581
2.07143
1.93482
2.06868
2.02565
1.97821
1.96628
1.89661
2.01442
2.05941
1.98108
1.99974
2.06707
2.01309
2.1307
2.03188
2.13765
2.10658
1.88762
1.93205
1.97515
1.8718
2.22819
2.01082
1.84543
2.03225
1.87415
2.10701
1.9477
2.04134
1.81992
2.01896
1.90507
2.09183
1.98678
2.04548
1.9533
1.76601
1.97589
1.96224
2.00449
1.97475
1.96869
1.89414
2.07766
2.02856
1.82663
1.91214
2.13696
2.14716
2.07771
1.91646
1.91964
1.90703
1.86982
1.92751
1.9331
1.98424
2.14707
2.03523
2.07851
1.89046
2.23408
2.11883
2.01307
2.01794
1.89548
2.10387
1.94185
2.08143
2.06214
1.84698
2.00142
1.84224
1.9871
1.91869
2.0123
1.96118
2.19074
1.82473
1.89511
1.96634
2.02214
2.07902
1.98806
2.05333
1.99578
1.97491
1.94018
2.00726
1.91297
2.03607
2.01825
2.06168
1.89351
1.97847
1.91591
2.16373
2.11355
1.94881
2.00996
1.92629
1.95249
2.02315
2.13254
2.08535
2.06039
2.02093
2.10079
1.98479
1.74593
1.98934
2.02942
2.0133
2.11394
1.99829
1.91911
1.80104
1.96172
1.99532
1.89404
2.08444
2.02988
1.90671
1.94789
2.16715
1.9403
2.21278
1.94947
1.85276
2.10497
2.12561
2.03529
2.09553
1.80756
1.8913
2.00518
2.08977
1.93599
1.85999
2.14227
1.8993
2.0038
1.95436
2.03885
2.14105
2.0215
1.86195
2.1198
2.05182
1.9256
2.16607
1.73867
2.18905
1.98831
1.99517
1.91167
1.89885
2.10425
2.01909
1.94238
2.17912
2.34523
1.99004
1.97803
2.13003
1.99642
1.96299
1.94984
2.19659
1.96675
2.08646
1.79819
1.95908
1.94175
2.05034
1.96726
2.13684
2.03438
1.94034
2.17122
2.02695
1.96795
2.08812
1.92869
2.05661
1.97092
1.9545
2.06092
2.1036
1.93977
1.84805
1.76128
1.93351
1.91985
1.80454
1.91639
1.93493
1.92874
2.00963
2.11211
1.93938
2.02885
1.97125
1.92279
2.10038
1.84117
2.08676
2.01736
2.17485
1.9317
1.95089
2.11203
2.05409
2.13294
1.88356
2.02709
2.00167
1.94516
2.0777
1.91201
2.0046
2.08656
2.10352
2.103
2.092
1.93549
1.96066
2.04836
2.05093
1.95709
2.18655
2.19203
2.08131
2.13459
1.91972
2.23987
1.94391
1.91024
2.02375
2.02216
1.97957
2.07544
1.96916
1.97088
2.14599
2.16547
1.94325
2.07765
2.1502
2.08456
1.84448
1.99247
2.05556
1.98895
1.98404
1.9785
1.9925
2.10116
2.06444
2.08518
2.09608
1.88613
1.94906
1.95471
1.87986
2.00246
2.15887
2.04815
2.02723
2.01247
1.89445
1.96883
2.05785
2.19517
2.01902
2.08049
2.01535
1.88217
2.12668
2.10826
2.11396
1.94082
2.10355
2.00944
1.94101
1.97096
1.97636
1.83508
1.90354
1.96502
1.88622
2.15693
1.89981
1.95562
1.88004
2.03661
2.10232
1.92619
1.92827
2.21205
1.96384
1.94086
2.21315
2.00057
1.95198
2.04044
1.90918
1.96616
1.99735
2.07373
1.91055
2.01954
2.0248
1.9964
2.09864
1.88608
2.12697
1.97569
1.93603
2.14575
2.09269
1.98932
1.99808
2.01884
1.92213
2.10049
2.15028
2.09243
2.20596
2.00323
2.08217
2.00266
2.08216
1.99662
2.14388
1.84744
2.13518
1.98093
1.96942
1.98361
2.07119
2.10284
1.86458
1.99595
2.03512
1.96341
2.07851
1.97345
2.03111
1.89919
2.14695
2.03337
2.12686
2.07053
1.9922
1.90668
1.93211
2.18526
2.02695
2.07642
1.91138
1.98988
2.1682
2.1487
2.11917
1.77362
1.90142
1.87304
1.80435
2.19101
2.0292
1.8925
2.03525
1.98206
2.05698
2.08256
1.90007
1.9927
1.84102
2.09037
2.00552
2.07831
2.09874
1.94427
2.02961
1.9471
1.94808
2.21805
1.97676
1.8574
2.01214
2.01731
1.92977
1.92685
2.0295
1.89565
2.11143
1.99637
2.04059
2.11657
2.03021
1.89024
1.94145
1.95643
1.96122
1.9869
2.1189
1.92072
2.00452
2.1903
1.93392
1.86288
1.89765
2.00474
1.99785
1.82018
1.94168
2.09766
2.1362
1.94284
2.06426
1.95944
1.92425
1.98044
1.75586
2.09498
2.06235
1.89853
1.9539
2.19527
2.05677
2.08
1.96858
1.94621
2.08468
1.8759
1.90864
2.01479
2.01322
1.98806
2.07882
1.90264
1.89443
1.92142
2.08279
1.95673
1.79256
2.07603
2.10041
2.09329
1.96396
2.0953
2.11127
1.84121
1.96849
1.96228
2.05175
2.10091
1.93192
2.10227
2.06851
2.07167
1.96541
2.01571
2.07942
2.01865
1.90168
1.93585
2.12582
2.01628
2.04929
2.2449
2.01072
1.96334
1.89418
2.01725
1.99274
2.00739
2.00711
1.93461
2.15354
2.12735
1.88238
1.86283
2.01416
1.93057
2.10568
2.09359
1.98176
1.94797
1.90225
1.98348
1.88356
1.93624
1.88793
2.11077
1.98685
1.91987
1.91542
2.10237
2.07993
2.05913
1.93305
1.91334
2.1625
1.96673
1.94871
1.9898
2.01196
2.05411
2.0601
2.0068
1.91686
2.05249
1.96803
1.94436
2.09786
1.86664
1.94812
1.9144
2.09211
1.94559
1.8985
2.01396
1.93049
1.95613
2.05989
1.92705
2.14015
1.89851
1.96913
1.9382
2.08186
1.97272
2.024
2.17703
1.99932
2.08384
2.03668
2.11671
1.94519
1.91691
1.89205
1.97529
1.89171
2.14996
2.001
2.01861
1.95668
1.90491
1.96176
2.05688
2.01871
2.22379
2.05135
1.91321
2.00296
2.09895
2.02243
1.90444
2.043
1.93822
2.04381
2.10678
1.91514
1.9668
2.09096
1.84759
2.01769
1.9841
2.11226
2.0619
1.95595
2.13466
2.00876
1.94282
2.02579
2.12298
1.92601
2.04857
1.97317
2.00489
2.05264
1.88135
2.06746
1.87457
2.05363
1.85572
2.15761
2.13843
1.87539
1.96021
1.8765
1.92302
1.98251
1.78302
1.91541
2.17623
1.94063
1.97586
2.11151
2.21148
2.04644
2.18395
2.02664
2.10329
2.04029
2.011
2.05068
2.16011
2.04664
1.92205
2.0364
2.01586
2.01277
2.13418
2.10757
2.02255
2.01901
2.00438
2.01271
2.0997
1.94001
2.04977
2.08786
2.14119
2.06689
1.92335
2.07462
1.96846
1.99705
2.13236
1.92705
1.84902
2.07377
1.922
1.89326
1.87794
1.96752
1.97075
1.99654
2.23571
2.02238
1.97215
2.07283
1.95569
2.09107
1.93338
1.95194
2.00362
1.92735
1.81097
2.00251
1.86156
2.27656
1.93258
2.09018
2.04519
1.9986
2.03871
2.0154
1.85445
1.94284
2.06894
2.07832
2.01411
2.0242
1.8618
1.8739
1.91765
1.90515
1.84713
1.76526
2.07616
1.98047
1.91352
1.7893
1.82257
2.06778
1.85773
1.99447
1.90828
2.05489
2.05428
1.84745
2.20662
2.04993
1.63213
2.01511
1.9821
1.97816
2.00298
1.99453
1.93802
2.09284
2.04562
1.97202
1.8346
1.97937
2.02463
2.17814
2.13772
2.22141
1.90108
2.05915
2.05889
1.98229
1.97424
2.06808
2.084
2.10663
1.81665
1.96854
2.03718
1.94756
1.98963
2.13472
1.88746
2.03467
2.11084
1.98562
1.96782
2.00507
2.04548
1.92338
1.98714
2.04113
1.83968
2.26773
1.89975
2.07014
1.92029
2.02937
1.99236
1.99812
2.05999
2.11542
2.08507
1.95275
2.11293
2.03937
2.03189
1.97329
1.94903
2.0399
1.88585
1.98957
1.9203
2.02958
1.94632
1.98075
2.03639
1.90059
2.07483
1.8758
1.89911
1.94057
1.95378
2.03083
2.01576
2.17323
2.05428
2.00089
2.0134
2.05763
1.92196
2.05559
1.97182
1.96399
1.97721
2.08638
2.10168
2.07454
1.88387
2.03532
2.08577
1.99143
1.90072
2.14862
2.07418
2.01128
2.20099
1.99295
1.88196
1.91912
2.08318
2.11751
2.03733
2.04351
1.92821
2.05167
1.8298
2.15979
1.98326
2.26489
1.94596
2.0097
2.00484
1.86057
2.05365
1.97913
2.02935
1.97817
2.1762
1.98709
1.95386
1.8221
1.91813
1.86432
2.13225
1.87825
1.97383
1.85152
1.82565
1.99381
2.07069
2.14334
2.07376
1.85324
2.0456
1.96621
2.04229
1.92409
1.97152
2.10206
2.1159
2.11845
2.07367
1.99047
2.09314
1.96704
1.88184
1.9138
2.12953
2.04095
1.86731
1.94672
1.94786
1.98239
2.04767
1.91501
2.03569
2.00885
2.20324
2.19048
2.16234
1.94621
2.00651
2.02449
2.07832
2.13346
1.8296
1.87
2.021
1.97513
1.90237
1.93693
1.8611
2.10293
2.12325
1.98961
2.20315
1.93264
2.02376
1.9727
1.86731
2.00278
1.97138
1.95966
1.76623
2.07471
1.8141
2.00038
2.00204
1.97477
2.02253
1.89516
2.03655
1.98161
2.08043
2.15147
2.00323
1.9341
1.93107
1.99794
2.05978
2.03898
2.05837
2.0097
1.97795
2.01132
2.03715
1.85274
2.06439
1.91627
2.01921
2.09205
2.03385
2.08944
1.87464
2.02502
2.16555
2.03137
2.01867
2.01493
2.14894
1.96779
2.07222
2.02535
2.0856
1.91653
2.04537
1.96035
2.18015
2.08023
2.12018
2.11625
2.00028
2.1206
2.03411
2.0311
1.99803
1.93796
2.01846
2.17666
2.04951
1.90244
2.0293
1.90251
2.00469
1.93116
2.08287
2.04274
2.20437
2.06692
2.08853
2.09397
2.02051
1.95855
2.1661
1.9657
1.92069
2.05316
1.99518
1.90935
2.09027
2.01262
2.10187
2.05072
1.82017
1.90818
1.9756
2.00271
2.22982
1.91837
2.03706
1.9186
1.97851
2.08131
1.97045
1.93437
2.04917
2.12555
1.98578
2.04303
1.92235
2.02401
1.84025
1.95969
2.02703
2.07183
2.18516
2.11873
2.0621
2.23131
1.97613
2.08244
1.94081
2.02294
2.05712
2.07096
1.91334
1.92927
2.14909
2.04714
1.97715
1.95797
1.88911
1.92681
2.01888
2.02359
1.95539
2.04068
1.9928
2.06594
1.8849
2.03693
1.87479
2.01605
1.86522
2.12073
2.15728
1.92617
2.08988
1.99783
2.12817
1.8431
2.03759
1.95901
1.98695
2.03288
2.07303
2.03907
2.12741
2.09965
2.02647
2.02385
2.02646
1.89389
2.22668
2.09471
2.13075
2.06297
1.8789
2.08203
2.08071
2.0031
1.823
2.00587
1.82321
2.1253
1.79379
1.94271
2.04816
2.06556
1.99088
1.96641
1.9939
2.15581
2.19583
2.02034
2.02139
1.98758
2.03746
1.95199
1.80667
1.935
2.05214
1.94859
1.74392
1.91025
2.06961
1.88634
1.83034
1.91132
2.11064
1.86086
2.01865
2.04603
2.06548
2.09642
2.12517
2.15075
1.85323
1.95141
1.89726
1.97308
1.94609
2.12369
1.89556
2.06612
2.06523
2.04047
2.01871
1.71036
1.97984
1.93407
1.90977
2.04813
1.81185
1.95056
2.08506
2.06736
2.06821
2.11129
2.04211
2.05017
1.82307
2.15499
2.07215
1.95103
1.97947
2.16039
2.13097
2.05878
1.90004
2.22169
2.14359
2.15059
2.11097
1.9952
2.03068
2.01246
2.06043
1.95672
1.87489
2.13931
2.05478
2.13164
1.96212
1.92226
1.98379
1.96357
2.16561
1.99273
2.20776
1.93262
1.69875
2.07277
2.17777
2.08254
2.08728
1.98603
2.08129
2.01786
2.06759
1.94536
2.04936
2.13566
1.90879
2.15854
1.94581
2.17403
1.93314
2.17809
1.95976
2.05075
2.14146
2.05958
1.97869
1.86286
1.85493
1.94723
1.94764
1.97053
2.05342
2.00966
1.93471
1.88856
1.90171
2.21633
2.15951
2.0197
2.15822
1.98645
2.05337
1.78678
1.93351
1.82942
2.02302
2.11082
1.93039
1.99011
1.643
2.11511
1.96668
1.9804
2.12968
2.08956
1.83352
1.97389
2.07251
1.91511
2.1671
2.01264
1.9863
1.98779
1.93979
1.97092
1.95894
1.73007
2.08542
1.83294
2.25949
1.96411
2.11158
2.05279
2.04531
2.08578
2.11683
1.92989
1.95022
2.22006
1.81671
2.01297
1.99528
2.00143
2.07951
2.06529
1.98436
1.92924
2.01894
1.93243
1.99879
1.96121
2.04686
1.90218
1.8802
1.84061
1.9695
1.92138
2.12089
2.18532
2.10218
2.01408
1.95786
1.92691
2.11699
2.11072
2.07998
1.96282
1.99507
1.94382
2.11286
1.95907
2.08527
2.19759
2.08803
2.00091
1.89123
2.0259
2.02691
1.92084
1.96929
2.07209
1.89342
1.97079
1.941
2.09498
1.98974
1.96881
1.96811
2.05137
2.0247
1.90571
1.93971
1.9919
1.81684
1.97624
2.10272
1.86315
2.02187
1.97866
2.14543
2.03098
1.91141
2.07147
1.94814
2.21729
2.14443
2.08011
1.84085
2.07363
1.85398
1.85391
1.85727
2.11267
1.86244
1.88143
2.06646
2.0441
2.05144
1.99715
2.11476
2.045
2.10078
1.89878
1.86473
2.00395
2.07786
1.82818
2.01809
1.89113
1.86647
1.8837
2.18035
1.93787
1.92251
2.06456
2.08792
2.1043
2.10249
1.99662
1.89298
1.90866
1.90065
2.18867
1.9875
1.90243
2.16945
2.06947
2.24311
1.90827
1.93847
1.93474
1.91635
1.99709
1.91361
1.94994
1.86984
1.92851
1.88172
2.06183
2.0373
1.96213
1.97751
2.06629
2.12766
1.85307
2.07702
1.90974
2.02131
2.21925
2.07981
1.95886
2.0017
1.78416
1.93181
1.93902
1.95713
2.00455
2.07536
1.79614
2.00228
2.02597
1.9451
2.06118
2.02009
2.10417
1.95655
2.08384
2.06405
1.99193
1.91356
2.03528
1.90197
1.71107
1.87699
2.05262
1.97359
1.97211
2.04596
2.00044
2.06034
1.91801
2.01496
2.14915
2.04893
1.95587
2.03461
1.84475
1.95164
1.96048
1.98668
1.92431
2.08423
2.0694
2.06433
2.2353
2.14206
1.92431
1.90879
2.00739
1.86688
1.94299
2.08735
2.0679
1.85797
2.11741
2.06928
1.93751
1.79351
1.99246
1.9749
2.0245
2.20609
2.02765
2.09067
1.9208
1.92661
1.9272
2.05911
2.11372
2.15503
1.98846
1.93416
1.90146
1.98351
1.97312
1.86052
1.97359
2.15147
1.96053
1.86553
2.09498
1.88776
2.00666
1.85742
2.18859
1.97103
2.08741
1.88194
2.01228
1.85909
1.94458
1.97983
2.05234
1.94818
1.98474
2.11867
2.00598
1.98179
2.18397
1.88304
1.99145
2.1443
1.95947
1.97234
1.95529
1.89227
2.16022
2.08113
2.09358
1.80445
2.0975
2.03283
1.93566
1.83859
2.02037
1.85995
2.07559
2.06252
1.9556
2.01619
1.91741
2.07747
2.23129
1.96316
1.92391
1.98535
1.8908
2.02438
2.10771
2.04558
2.08238
1.9978
2.06157
1.85089
1.94552
1.91658
2.00325
1.87902
2.15281
2.04444
1.95934
1.98478
2.10722
1.99467
2.03713
1.85417
2.06014
2.04294
1.96148
1.82385
1.98534
1.94741
1.87357
1.71559
2.05732
2.09353
1.92929
2.10228
1.99892
1.95063
1.99091
1.84782
2.02069
2.11549
2.07328
1.87211
2.05099
2.1091
2.16189
1.95056
2.05854
2.0652
2.12994
1.99392
2.05756
2.03825
1.91256
1.93442
1.89388
1.94276
1.962
2.11536
1.99227
1.82069
2.08001
2.1975
1.79008
1.99322
2.04409
1.96783
1.87712
2.07346
2.01965
1.88559
2.13189
1.98651
1.84869
2.24655
1.9459
2.11566
1.85054
1.98204
2.15256
2.05953
1.82778
1.97497
1.83259
1.98882
1.92795
2.10318
1.96082
1.98997
2.05855
2.09759
2.02281
1.97923
1.96069
1.97287
2.01943
1.9627
1.89381
1.99346
1.86938
2.14777
2.0753
1.84293
1.95562
2.09367
1.97871
2.01019
1.96647
2.08315
2.06768
2.05177
1.9201
1.98226
2.09392
1.93922
2.13922
1.96362
2.14907
1.95219
2.13894
2.12519
2.01836
2.01093
2.14607
1.8748
2.05267
2.04452
1.94022
1.97854
1.87508
2.25566
2.06311
1.95423
1.96585
2.00311
2.09371
2.05569
2.07994
1.84863
1.98421
2.09775
2.03567
2.00203
1.93924
2.08663
1.81164
2.09146
2.14354
2.15855
2.1551
1.78084
2.07735
2.09116
1.89148
1.96475
1.98887
1.92144
2.12387
1.7993
2.01818
1.94437
2.03514
2.10394
1.93041
1.87609
1.99708
1.78084
1.96248
2.11255
2.04892
2.07159
1.98658
1.96415
2.02463
1.88779
1.89183
2.16368
2.17945
2.01496
2.18174
1.86747
2.07338
2.02354
1.91638
2.0784
1.88217
2.11143
1.93941
1.84846
1.9672
1.98663
1.90805
1.90351
1.91447
1.97513
1.9974
1.96775
2.0344
1.81573
2.00163
1.95526
2.14824
2.14626
1.94047
2.10793
1.97925
1.99011
2.01862
1.90206
1.87525
1.9667
2.04429
1.90228
2.09032
2.03407
1.95693
2.06945
1.98728
2.07477
1.98018
2.17728
2.01333
1.94348
2.15911
2.13166
2.02102
2.04269
2.11079
2.05023
1.87692
2.01709
1.94181
1.86793
1.89112
2.02872
1.9111
2.0479
2.01248
1.97155
1.9728
1.96272
1.97622
1.76733
2.05256
1.92048
1.9497
2.09769
2.02927
2.04062
1.9103
1.90324
2.13669
1.94029
2.13875
2.12752
1.9701
1.82389
1.86125
2.01531
1.98382
1.89085
1.99784
2.00717
2.11809
2.07811
1.87741
1.9741
2.13303
1.92607
2.23097
1.97429
2.08156
2.08146
2.10892
2.0084
1.96865
2.11993
1.95283
2.02265
2.0462
1.84448
1.77187
2.13502
1.86706
1.97363
1.99433
2.23252
2.0752
2.08875
1.95913
2.08508
2.0511
1.92456
2.02339
2.04983
2.02228
1.99984
1.93031
2.01365
1.87334
2.01178
2.11991
2.10479
2.04701
1.91623
2.09593
1.80708
2.18453
2.01803
2.00482
1.91512
1.94782
1.84798
2.01822
1.94349
2.00727
2.07268
2.04139
1.89258
1.98178
1.96177
1.81158
1.968
1.95481
1.90409
2.19503
2.05551
1.96859
1.966
1.92854
1.80587
2.03042
2.19296
2.03811
2.0282
1.87372
1.84468
2.11871
1.83754
1.99363
2.03044
1.98112
2.08448
1.89663
1.99592
2.22261
2.02896
1.93281
1.93152
1.97501
2.08973
1.97032
2.16638
1.86834
1.93767
2.18764
1.84872
1.85231
1.9986
1.93654
2.07728
1.96529
2.11673
1.96086
2.04339
1.88386
1.86662
2.11625
2.03902
2.06218
2.01463
1.92402
1.9635
2.07278
2.06437
1.87242
2.11612
2.0712
2.2346
1.83429
1.83443
1.9196
1.90307
2.07646
2.05812
1.92051
1.93993
1.99951
2.01721
1.97767
1.78395
2.01083
1.99301
2.06969
1.99501
2.11
1.95876
1.92814
2.11651
1.99839
1.94279
2.04777
1.98743
1.95983
1.97465
2.09011
1.98859
1.9656
1.94067
1.97549
1.93095
1.867
2.04093
2.03465
1.96211
1.86246
1.87489
1.89764
2.01567
2.0543
2.00702
2.0653
2.16941
1.9555
2.19584
2.02725
1.84974
2.11881
1.99446
1.87229
2.06116
1.98932
2.00582
1.83034
2.16075
2.00913
2.03596
1.99367
2.02215
1.93323
2.14794
1.9798
1.81656
2.09193
1.9115
2.10028
2.15443
1.94685
1.82559
2.09811
1.83995
1.93056
1.96252
2.0001
2.1389
1.94449
2.08802
2.10656
2.05433
2.15375
1.92012
1.90997
2.00624
1.89185
1.92767
1.88298
1.9663
1.85193
1.83483
1.72536
1.93444
1.95929
2.05098
1.99631
1.8309
2.11301
1.92735
1.87404
2.02021
1.81553
2.06901
1.95106
2.06905
1.72804
1.74497
1.87283
2.06174
1.897
2.05668
2.23605
2.0379
1.98501
2.00331
1.96627
2.10589
2.04443
1.84235
2.17047
1.98873
2.14937
2.04921
2.01208
1.98372
1.96103
2.07588
2.02404
1.87642
1.95227
2.0853
2.10285
2.01456
2.03313
1.95048
2.19523
2.16614
1.95711
1.86508
2.07111
2.06233
2.0414
2.14689
2.04159
2.07218
2.00944
2.00412
1.93919
2.00392
1.90396
2.04726
2.09634
1.95467
2.22241
1.85662
1.83333
2.171
1.93997
2.00439
2.1613
1.91295
1.95915
2.11257
2.09301
1.94427
2.03569
2.03365
2.13852
2.06731
1.814
1.97168
1.87356
1.7986
1.9862
1.91073
2.03393
1.97837
1.93788
2.08089
2.06639
1.83804
1.89437
1.90382
1.84416
1.90182
1.88929
2.24397
2.16356
2.13999
2.01284
1.95774
2.02959
2.02056
1.83577
2.07899
1.9831
2.14515
1.95997
2.1417
1.96099
2.047
1.97311
2.14591
2.07117
2.13366
2.12081
1.98774
2.10733
1.9119
2.02894
1.95528
1.99532
1.95901
2.06486
1.97767
1.99877
2.09122
1.86354
1.99428
1.83812
2.0386
2.1478
2.35986
2.22849
1.94766
1.91435
2.05778
1.92225
2.2045
1.94386
2.01685
2.02966
2.07057
1.85333
2.0341
2.00149
1.95504
1.89354
2.16954
1.96933
1.92294
2.11986
2.16896
1.86981
2.11292
1.96382
1.91353
2.08294
2.15478
2.07428
1.94799
2.02963
1.96895
2.082
2.13273
1.99272
2.01479
1.98876
2.03632
2.17862
2.04659
1.76815
1.93616
1.97318
1.96871
2.01873
1.84412
2.05308
1.93779
2.07976
2.04827
2.04215
2.04018
2.02596
1.82768
1.95137
2.12767
1.86122
1.85924
1.84558
2.06053
2.02833
1.97247
2.17469
2.00927
2.0865
1.93477
2.09284
1.98253
1.84787
1.87765
1.91791
2.13173
2.02012
1.95597
2.09964
2.12343
1.99381
2.30386
1.9611
1.96332
1.77343
1.85883
2.11198
2.08234
2.01326
2.15757
2.09977
1.95561
2.08623
2.08343
2.1868
1.91071
2.05078
1.98198
2.09738
2.15738
2.1721
2.03768
1.97529
1.93917
2.0299
1.95344
2.09928
1.97547
1.97212
2.10318
1.99485
2.1138
2.00712
1.96072
1.95686
1.96516
1.92486
2.00404
1.7602
1.94341
1.97953
2.07178
2.03441
2.13818
2.01586
1.99281
1.98145
2.02387
1.96669
1.95504
2.07792
2.00856
1.93964
1.88823
1.76023
1.93287
1.80408
1.84158
2.19047
2.10885
2.14567
2.12658
1.93511
2.1179
1.98463
2.02604
1.85438
1.99082
2.10136
1.92073
2.0689
2.10371
2.14779
2.06661
1.99218
2.02625
1.99115
2.1109
1.90129
2.01165
1.82783
1.9227
2.1016
1.99873
1.88931
1.99552
1.91581
1.97616
2.01231
1.93396
2.10307
2.11403
2.04239
1.91294
2.01434
2.15826
1.8431
1.93811
2.01046
1.91541
1.9964
1.86201
1.9792
2.18423
1.96373
1.95029
1.91415
2.20558
2.06634
2.06578
1.93663
1.88892
1.94034
1.99481
1.97724
2.15372
2.04944
2.04558
2.00075
2.04758
1.97335
2.0693
2.0244
1.82058
2.02678
2.05179
1.90503
1.91667
1.99167
1.98669
2.02218
1.92102
1.89424
1.98519
1.91385
2.16585
2.01071
2.03624
1.97551
1.8704
1.90798
2.14001
2.04882
1.89304
1.96409
1.99987
2.05461
2.15569
2.06621
1.98159
1.95681
2.04304
2.00151
1.97593
2.12154
2.02611
1.92381
1.98825
1.91682
1.93112
2.02844
2.0445
2.01567
1.90029
2.07448
2.04604
1.98278
1.86693
1.8957
2.02064
1.99659
2.08197
1.8994
2.03862
1.99863
1.92406
1.91006
2.00124
1.88127
2.02632
1.97361
1.93461
1.88846
1.94207
2.04881
2.05452
1.95462
2.14163
2.00575
1.98721
2.03108
1.93102
1.96196
2.05077
2.02662
1.99042
2.12356
2.11686
1.72119
2.15215
2.02799
1.93769
2.0606
1.87613
2.0534
1.9247
2.02723
2.19781
2.03327
1.99277
1.97067
1.85378
2.01021
2.11973
1.95504
2.11514
2.2379
1.87836
2.12956
2.12509
1.97296
2.03504
1.9329
1.90065
1.99321
2.02497
1.98395
1.87836
1.91852
1.90726
1.88867
1.88093
1.93343
1.93508
2.00029
1.9088
1.97617
2.09942
2.04278
2.03511
1.90055
2.16043
1.92478
1.91961
2.01675
2.17328
1.8317
1.94932
1.94507
1.90005
1.9616
2.00087
2.06643
1.97142
1.9941
1.82338
1.89416
1.94332
1.92225
1.73421
2.04961
2.10461
1.88661
2.0198
1.94809
1.89285
1.9745
1.90529
2.0381
2.09601
2.0283
2.05778
1.93085
1.98217
1.87364
1.90989
2.03141
2.0347
1.88279
2.02286
1.97507
2.06009
1.94062
1.8378
1.92039
1.93193
2.21285
2.07793
2.07757
2.02489
2.05161
2.1131
2.17375
2.10516
2.14457
2.00152
1.87227
2.17374
1.97071
1.9585
1.99386
2.04371
2.1295
1.83721
2.04425
2.03639
2.01565
2.14153
2.0549
1.88406
2.13621
1.95701
1.95353
1.9818
2.04029
1.85657
1.97329
2.00273
1.94798
1.89981
1.99184
1.96724
1.98115
2.06422
1.87085
2.03537
1.95996
2.05326
1.96587
2.22589
2.02426
2.12872
1.9324
2.04392
2.16015
1.97955
1.90034
1.93517
1.98846
1.95932
2.00318
1.91428
2.04285
1.94748
2.13992
2.00205
2.02178
2.13881
1.96245
1.92399
1.96024
1.93014
2.04445
2.01985
1.97016
2.00005
2.05403
2.15818
2.03842
2.05057
1.91639
2.04138
2.20381
1.9248
2.0842
1.95845
2.14783
1.89029
2.11267
2.04621
1.9796
2.01789
1.98552
2.12258
1.9212
1.91219
2.11968
2.08526
2.03975
1.97879
2.12005
2.06279
2.01605
2.03919
2.09485
2.06617
2.12766
1.95739
1.92179
2.03331
2.08357
2.11515
2.06084
1.94522
1.92226
2.07057
2.15675
1.98277
2.16321
1.87768
1.8979
1.92142
2.06237
1.98187
2.05912
2.03135
2.05141
1.8285
1.96952
2.10427
2.07723
2.11063
1.80348
2.13573
1.88523
1.93299
1.8441
2.12584
2.02913
1.83173
2.11757
2.00729
1.92906
2.05002
1.98581
2.03108
1.98271
2.00936
1.87353
1.91502
2.05747
1.94345
1.83592
1.93625
1.98138
1.87494
2.06288
1.85286
1.97196
1.93722
1.9817
1.93406
1.96903
1.95432
1.81053
2.07009
2.07781
1.99967
2.00486
2.12993
2.1632
2.05743
2.09369
1.98424
1.86961
1.91529
2.06702
2.12578
1.94982
2.13114
1.96628
1.9902
1.7868
1.93817
1.981
2.06144
1.78096
1.92151
1.99877
2.11969
2.05988
2.07139
2.17444
2.08342
2.03664
2.04484
2.02438
1.9493
1.81077
2.07696
2.19139
1.99074
2.01503
2.01712
2.00676
2.0672
2.10336
2.14263
2.22339
2.01129
1.90927
1.88841
2.00895
2.05198
1.93916
2.02109
2.09007
1.9174
2.0117
2.02417
1.98918
2.04494
2.0299
1.99768
1.9969
1.90256
1.9227
1.89713
1.82288
2.17521
1.9264
1.82035
2.22814
2.01192
2.03409
2.13405
1.94454
2.11809
2.04364
2.01683
2.11559
1.90871
2.03814
1.92835
1.79867
1.99103
1.89352
1.84729
2.00136
1.97642
2.0874
1.94436
1.93299
1.84379
2.03791
1.97189
2.03592
2.02225
2.02518
2.01463
1.95392
1.9755
1.7467
1.92268
1.9343
1.94462
1.93686
2.00718
2.09533
1.89056
1.9065
1.8887
2.03293
1.92138
2.08859
1.95902
2.12307
1.97582
1.99893
2.16521
2.06248
1.95673
2.06462
1.9653
2.01431
2.03747
2.08646
2.02459
1.98914
1.9335
1.94899
2.04867
2.0299
2.07895
1.85955
1.99545
2.08029
2.27158
1.79622
1.93609
1.98655
2.2182
1.83898
1.94483
1.8817
1.88925
2.00838
1.89872
1.99785
1.83211
2.09817
2.02539
1.95604
1.94002
1.99806
2.05138
1.91756
1.91008
1.90217
2.06226
1.93688
1.97276
1.9593
1.94265
1.99616
2.01568
2.02605
2.08272
2.11014
1.95745
1.93693
2.08771
2.14912
2.13052
2.0008
1.99513
2.05719
1.85166
1.85949
1.98652
1.97183
2.01526
1.89117
2.00727
1.86954
2.1269
2.24278
1.98979
1.93289
1.90027
2.02128
1.95216
2.06255
1.92929
2.07442
2.14246
2.09928
2.16464
1.96017
2.02582
2.04797
2.03755
1.97127
1.83355
1.98862
2.01797
2.02172
1.97181
1.89259
1.88008
1.95092
1.97231
2.15485
1.94354
1.91836
1.94518
2.08188
2.04756
2.10897
1.965
2.05911
2.05076
2.10003
2.17744
1.86407
1.93842
1.97973
2.06302
1.98661
2.27849
2.01619
1.98799
2.05791
1.92607
2.19057
2.08768
1.95264
2.13284
1.83801
1.92807
1.91765
1.94733
2.03564
1.82178
1.85866
1.95233
1.93999
2.03667
1.96862
1.97055
1.9117
1.76302
2.04574
1.87758
2.00036
2.04678
2.03074
1.94058
1.96127
2.03112
1.95533
1.93384
1.94036
1.93696
1.98352
1.99996
2.13324
2.09574
2.01544
2.04599
2.1647
2.05456
2.11975
1.97829
2.06465
2.06608
1.89711
1.82022
1.88204
2.08854
1.9233
1.9797
2.08549
2.03738
1.96205
1.83818
2.02839
2.01945
2.03341
2.05953
1.99957
1.93625
1.99464
2.06089
2.26972
2.05628
2.03843
2.01126
1.95201
1.86349
2.08826
1.98146
1.87579
1.91123
1.99143
2.10625
2.08384
2.04442
1.7969
1.84739
1.96419
1.76599
1.88022
2.00413
2.22948
2.18115
1.92794
2.02804
1.9776
1.87659
2.04534
1.97412
1.98321
1.94554
1.98923
1.967
1.88221
1.94804
1.83656
1.90453
1.97928
1.78043
2.10314
2.21082
2.03814
1.91821
2.01576
2.04601
1.94818
2.02296
1.80898
2.04808
1.93593
2.01083
1.84942
1.98565
2.09597
2.16401
1.96452
2.05355
2.08412
1.97973
1.98064
1.84593
1.84971
1.97605
2.00443
1.88014
1.92317
1.97103
1.96778
1.90749
