2.08943
1.99408
2.00827
1.9652
1.96753
1.94033
1.96861
2.05597
1.93264
1.97446
2.00312
1.98173
1.974
2.03166
1.98586
1.97958
2.0986
1.96665
1.96734
2.04329
2.06416
2.04389
1.89867
1.93631
2.00988
1.99409
1.99246
2.00907
2.02242
1.92083
1.95603
2.0343
1.95352
1.99598
2.01419
1.97988
1.99311
2.01587
2.01294
1.95375
2.06899
1.9926
1.93312
1.92894
1.93333
2.00327
2.0413
1.99132
1.94032
1.94854
1.9271
2.01332
1.98989
1.96349
2.01411
2.04212
1.99557
1.99641
1.98531
1.98698
1.96899
1.95177
2.06064
1.98038
2.01189
1.93198
2.03927
2.05891
2.02901
2.0155
1.96899
2.00353
2.00715
1.96221
1.90754
2.02316
1.96417
2.06028
2.01346
2.01596
1.95919
2.03867
2.07232
2.01195
1.98682
2.03821
2.03094
2.01368
1.99328
1.98244
1.96725
2.02251
2.02561
2.04707
2.076
2.03968
1.9881
1.9518
2.06535
2.04823
2.0344
1.98833
1.99289
1.976
1.95911
1.98697
2.01661
1.97728
2.03727
2.04262
1.99603
2.03659
1.91017
1.95882
2.00519
1.97456
1.9926
1.98073
1.93713
1.87792
2.02014
1.93108
2.01102
1.95568
2.02726
2.05063
2.01867
1.96537
2.02738
1.98214
2.04062
1.98126
2.02917
2.05775
2.03179
1.99029
2.00135
1.94826
1.99924
2.01369
1.94066
2.00659
2.01883
1.95925
1.99501
2.01308
1.97397
1.98961
1.97816
1.95684
2.00802
2.04071
2.01501
1.98718
2.05305
1.93898
1.97967
2.02961
1.99664
1.99697
2.00914
2.04584
1.92203
1.92502
2.02714
1.94543
2.00906
1.98891
2.0206
2.05329
1.98419
1.98871
1.96115
1.97282
1.98115
1.96173
2.01056
1.95236
1.98099
2.00734
1.97427
2.02165
2.02046
1.99384
1.9861
1.97486
1.95902
1.99802
1.96892
1.94579
2.03792
1.98838
2.03193
1.98811
2.02177
2.03707
2.08744
2.02678
1.92647
2.00371
1.98517
2.03882
1.97162
1.98481
2.01125
2.03548
1.95062
2.00224
2.02618
1.98071
2.1028
2.02813
1.95471
1.99167
1.99483
1.97848
2.03277
1.93742
2.08081
2.0356
1.99258
2.05674
2.08985
1.99525
1.97382
1.90454
1.94799
1.90582
1.9994
2.01205
2.00054
1.93532
2.02179
1.98144
1.98183
2.06204
2.01997
1.96496
2.03797
2.01623
1.99141
2.02829
1.94006
2.01014
2.03656
1.94073
2.00937
1.97768
1.97336
1.97671
1.93568
1.976
1.95959
1.98766
2.03904
2.0069
2.00181
1.97301
1.95147
1.94579
2.01987
1.92528
2.00194
1.9246
2.01238
1.93573
1.98026
1.96464
2.00801
2.00891
2.08048
1.97463
1.99114
2.01855
2.02155
2.0248
2.03725
1.97086
1.93643
2.01024
2.02176
1.99393
1.92523
2.02043
1.98998
1.93101
2.03719
2.00656
2.06081
1.92551
1.99418
1.99643
2.02422
1.98906
1.96679
2.06061
1.97103
1.9678
1.96229
1.97774
1.97854
2.02001
1.92502
2.06412
2.08019
2.01194
2.02583
1.9673
1.99404
1.99829
1.92099
2.00778
1.91038
1.94555
2.01215
2.02874
1.98687
2.01273
1.97933
1.93179
2.03233
1.97268
2.06313
1.96715
2.07256
1.97691
2.04339
2.02217
2.03993
2.09618
2.0486
2.04216
1.99246
2.04784
1.99293
2.03838
1.97031
2.01611
1.96377
1.97726
2.0189
1.93849
2.02834
1.99086
1.92619
2.00608
1.96773
1.98334
2.00649
2.07588
1.93477
1.94367
2.08866
2.00897
1.97703
1.91352
2.02291
1.9724
2.00514
1.94941
1.92213
1.97743
2.01462
2.04441
2.01164
1.9499
2.01435
1.99412
1.96399
1.93457
1.93544
1.99521
2.04863
2.06231
1.94752
1.88359
1.99261
2.09547
2.00344
2.04121
1.99608
2.03868
2.09103
1.95391
1.94184
2.00601
2.06045
1.93369
1.98559
1.87509
2.09497
1.99719
1.90887
1.97029
1.94136
2.07086
1.96861
1.92347
1.93175
1.98388
1.97578
1.99859
1.97201
1.98438
1.99877
1.97172
1.97206
1.994
1.901
1.98674
1.97984
2.02135
2.00361
2.07856
2.04127
2.00729
2.00659
2.00563
2.08981
1.90665
1.97428
1.98107
2.01696
1.952
2.01812
2.03112
1.97604
2.0099
2.01468
1.99931
1.89557
2.01215
2.03939
2.06363
2.04123
2.01345
2.00648
1.97274
1.95431
2.00604
2.02414
2.04724
2.08114
2.04294
2.018
1.9725
2.01024
1.9826
1.95027
2.11577
1.92458
1.98866
2.02037
1.97864
1.9365
1.97969
1.98461
2.05035
1.94585
1.96572
1.95416
1.9775
1.92317
1.98516
2.0071
2.09845
1.99493
1.9342
1.98553
2.01642
2.03701
2.01049
1.96879
1.98961
1.99471
1.94063
2.03049
2.00158
1.98866
2.00933
1.99707
2.00598
1.96505
1.92278
2.02183
1.98218
2.0022
1.96518
2.04327
1.96162
2.00933
1.99233
2.01729
2.0118
2.05144
2.0215
2.02836
1.96664
2.07039
1.96056
1.99744
2.02678
2.03426
1.98348
1.97606
2.02733
2.04724
1.95833
2.01998
2.0006
2.04822
1.93137
2.00976
1.98058
1.9687
1.95488
1.96447
1.95225
1.91433
2.03715
1.95824
1.97123
1.98022
2.00536
2.01839
2.1178
1.98209
2.03331
1.88993
2.01783
1.96968
1.94257
1.99508
1.98488
1.9973
1.96043
1.96559
2.04976
1.9709
2.03719
1.96581
2.01365
1.99895
1.95461
1.95783
2.0304
2.085
2.00442
2.00143
1.96577
2.05481
2.09405
1.94543
2.03533
2.02282
2.01802
2.01114
2.00489
2.03669
1.92414
1.96332
2.00716
1.98539
1.98697
1.9955
1.98738
2.04214
2.0219
1.94083
2.02566
2.00642
2.05738
1.99498
1.87946
2.02262
2.01012
2.08691
1.9652
2.01135
1.98408
2.00065
2.0299
2.01806
2.03366
1.95079
1.97852
2.02074
1.9217
1.9873
2.02499
1.96648
2.0296
2.03859
1.99914
2.00409
2.06407
1.97754
1.96987
1.98676
1.98772
2.04855
1.99379
1.9453
1.94819
1.91606
1.96389
2.03157
2.00546
1.96804
2.01172
1.99182
1.96745
2.05552
2.01537
2.0343
1.96872
1.98636
1.9969
2.03984
1.96104
2.00295
2.06189
2.00119
2.02376
2.02173
1.95974
2.00094
1.93178
1.98498
1.95323
2.02229
1.95373
2.00311
2.03369
2.01181
1.9354
1.92237
1.9856
2.0228
2.01569
2.04221
1.95227
1.98397
1.95588
1.97452
1.97494
2.00437
2.08289
1.99604
2.03176
1.90328
1.96063
2.00862
2.04441
1.96895
2.02451
1.99597
2.00708
1.99872
2.01935
2.0737
2.02222
2.00721
1.98363
2.04073
2.02329
2.01179
1.99291
1.96772
2.05412
1.92248
2.0521
2.01246
2.00321
1.99358
1.99556
2.02994
2.0154
1.92086
1.97503
1.9681
1.95736
1.97245
2.01058
1.99935
1.94934
1.98429
2.0179
2.02878
1.9714
1.929
2.04172
1.95093
2.00415
1.94857
1.99369
1.97983
2.03778
2.00154
1.9712
2.09413
2.03017
1.9985
2.01624
2.03243
2.08211
2.06768
1.96405
2.00814
2.05174
1.99862
2.02102
1.94212
1.94493
2.03381
2.06402
1.99314
2.05036
1.94466
1.90897
1.98173
2.01598
2.04458
2.01197
2.01567
2.0295
1.95253
1.89864
2.07192
1.96774
2.01105
1.99421
1.96335
1.96044
1.99651
1.99262
2.0625
1.97013
2.00798
1.97782
2.02945
1.94625
1.93464
2.06276
2.05658
1.96724
2.00848
1.91924
2.01592
2.09088
1.94383
2.03738
1.9791
2.008
2.0411
2.03691
1.94488
1.95536
2.01088
2.05612
1.95792
1.99155
1.94868
1.98167
2.05806
1.99863
2.00866
2.03781
2.09401
2.05798
2.04508
2.05579
1.9979
2.03191
1.98925
2.06516
2.00736
1.97019
2.03879
2.0084
2.00465
1.94132
2.03459
2.03414
1.95846
1.98971
1.99224
1.97205
2.03001
1.97107
2.00575
2.02373
1.95184
2.00675
1.99136
1.94146
2.02258
2.0508
2.04702
1.96488
2.01632
1.97498
1.92286
2.01502
1.97789
2.07807
1.94288
2.09916
2.0188
2.01224
2.05602
2.00578
2.02931
1.91215
1.96189
2.02088
2.01586
2.04422
1.99793
1.94348
2.00426
2.04427
1.93766
2.10103
2.05056
1.98253
2.00172
1.95402
1.98406
1.98364
2.03506
1.98689
2.05387
1.94952
2.0428
1.98801
1.99473
2.00712
2.05978
1.93836
2.00852
2.02111
2.03715
2.09146
1.9614
2.01539
2.00293
1.96523
1.93763
2.02664
2.01336
1.94842
2.04485
2.01964
2.0633
1.96437
2.02876
1.96165
2.0642
2.04426
2.07478
1.96291
2.01679
2.10091
2.02208
2.00384
1.94894
2.03947
2.05244
2.0433
1.9261
1.98495
2.06861
2.00513
1.9472
1.98519
1.96366
1.99923
1.94666
1.98527
2.01291
1.93801
2.0121
2.03658
1.94656
2.04008
2.04079
1.98564
1.96722
1.98573
1.93021
1.95901
2.10496
1.97369
2.00251
1.97424
1.97339
2.02499
1.9742
2.01883
2.02841
1.99243
1.98973
1.9474
1.9861
2.02055
1.97119
2.03745
2.03305
1.93912
2.03335
1.96383
2.0056
1.9965
1.94376
2.02526
2.02343
2.05827
1.95627
2.02216
1.9947
2.01025
1.97993
1.9331
1.96348
1.99292
1.9275
2.03592
1.99049
2.05574
2.01214
1.97642
1.96893
2.05122
1.96693
1.98124
2.04142
1.94149
2.0836
2.05369
1.96929
2.02667
2.05189
1.94659
1.98732
2.00081
2.10386
2.06687
1.87545
2.01154
2.03537
2.04496
1.99935
2.0174
2.08362
1.99834
1.9995
1.9832
2.01531
1.98323
1.95966
1.96866
2.00561
1.94239
1.99308
2.03166
2.017
1.96184
1.95023
2.01233
1.98392
1.94701
1.99538
1.95381
2.03989
1.90252
1.99954
2.02158
2.04484
2.02126
2.04412
2.02862
2.03414
1.98532
1.9472
1.97331
1.9598
1.95367
1.95644
2.01047
2.00961
2.02308
2.05517
2.01379
1.96946
2.03368
2.02732
2.0638
1.99881
1.99475
2.06581
2.07101
1.94222
1.96984
2.02344
2.06156
2.02557
1.96536
2.00926
2.0371
1.8988
2.06237
1.94628
1.97951
2.0062
2.07432
2.01385
2.08563
2.02167
2.03608
1.98491
2.06548
2.07701
1.97041
1.9501
2.0867
1.94809
1.96028
1.92104
2.02084
2.05557
2.00399
1.87308
1.96226
1.96623
2.06794
1.98985
1.97969
1.97476
2.0576
1.92358
1.90376
2.02313
2.00619
2.08
1.9155
2.03774
2.05648
2.06882
1.94338
1.96964
1.98718
2.03736
2.04314
1.98879
1.96988
2.07513
2.0338
1.99473
1.89707
1.89808
1.97227
2.04257
1.97923
2.04969
2.07258
1.99487
2.01055
2.03738
1.92813
2.04135
2.00539
1.96644
2.04931
1.96992
2.02828
2.08913
1.99021
2.10721
2.05412
1.94913
2.06178
1.97037
1.97762
1.95819
1.89254
1.99811
2.02802
1.95707
1.9852
2.01466
1.99908
1.98064
2.00345
1.99443
2.03303
2.02873
2.03379
2.00672
2.02433
2.00784
2.04421
2.06681
1.9617
1.95097
2.08761
2.04488
2.0303
2.00855
1.97823
2.06671
2.08554
1.97829
2.03844
1.9233
1.95702
2.02098
1.97634
1.99388
2.00142
2.04006
1.9847
2.02559
1.97694
1.92458
1.97968
1.90612
1.98913
1.94868
1.99756
1.9473
2.01587
1.98533
1.96264
2.02623
1.95696
2.05793
2.04067
1.98578
1.99882
2.02927
1.96127
1.96498
1.98264
1.9919
1.94206
1.90221
2.03891
1.95471
2.01335
1.97363
2.09473
2.01282
1.93361
2.08315
1.97319
2.06092
1.94887
2.02079
2.0682
1.90974
1.9977
1.91598
2.07981
2.04817
1.95436
2.03425
1.92533
1.95857
1.97915
1.97819
2.06005
2.03994
1.9757
2.10579
2.07442
1.95528
2.03937
2.00235
2.03923
2.00095
1.959
2.06951
2.02196
1.95887
1.98638
1.96355
2.02243
1.9924
1.96083
2.08559
2.07524
2.04164
1.95949
1.98663
1.96617
1.96363
2.03028
2.03796
2.10475
1.96553
1.9868
2.02084
2.0591
1.9338
1.97747
1.971
1.93895
1.94584
2.00651
2.04895
1.89911
1.9352
2.02499
2.0264
1.97815
2.01383
1.94456
1.95709
2.01553
2.05928
1.93238
1.87487
2.07392
2.01024
2.05018
2.08307
2.00945
1.99138
1.90444
1.94222
2.01194
2.01451
1.9944
2.02119
1.99017
2.05941
1.96637
2.09448
1.95317
1.93413
1.96804
2.02777
1.99254
1.98542
1.95283
2.00956
2.04613
1.98372
1.99705
1.9698
1.98267
2.07477
1.97462
2.0123
1.93646
2.00175
1.95845
1.98191
1.99495
2.02327
2.00375
1.96221
1.97606
1.96333
1.99972
2.00863
2.04352
1.95107
1.97855
2.02463
1.91345
1.97028
1.95852
2.00094
2.0219
1.94354
1.94971
1.96521
2.05192
1.99289
2.04396
1.96086
1.98044
1.99618
2.04394
1.95511
1.99873
1.99391
2.02852
2.07602
1.98716
1.99542
2.02416
1.99128
1.97428
1.95993
2.02636
2.02873
1.98455
1.92615
1.99419
2.00883
2.03814
1.95141
2.01724
2.04486
2.02204
1.99295
2.0153
1.9726
2.04196
1.96335
1.96247
2.03415
2.03072
2.03742
1.94896
1.97413
2.03928
1.9947
2.07287
1.93742
1.98878
1.98295
1.85086
1.87637
2.03551
2.00119
2.06664
2.00153
2.02391
1.9207
2.06474
1.99451
1.98619
1.98504
2.0305
1.94253
2.03525
1.93619
2.01133
2.11339
1.98245
2.03734
1.99625
1.94543
2.05358
1.96293
1.97054
1.98911
1.96762
2.02934
1.99354
1.97449
1.94717
1.99204
2.10853
2.04134
2.00613
2.01623
1.95459
2.0101
1.89308
1.98375
1.90998
1.973
1.95101
1.93533
2.00895
1.94181
1.96959
2.00844
1.97483
1.9373
1.95878
2.01563
2.00258
2.00229
1.96494
2.03637
2.02319
1.99747
1.94917
2.05615
2.05969
1.97864
1.96169
1.93373
2.01136
2.01184
1.99585
2.05096
1.93491
1.97299
2.04175
2.05971
1.93707
2.0191
1.99399
1.99119
2.05875
1.99254
2.03227
2.00522
1.96009
2.00629
2.05181
1.95785
1.97232
1.9622
1.98197
1.99419
2.00841
2.0418
1.98184
1.9863
1.99958
2.06281
1.99649
1.94271
2.0215
2.07481
2.00801
1.98373
2.01278
1.9519
1.99595
2.02787
1.95949
1.91204
1.96501
2.01954
1.92984
2.02972
2.04489
2.03469
1.90186
2.0149
2.00882
2.08699
1.98067
1.99894
1.97359
1.94315
1.9995
1.96744
2.00459
1.94693
1.98083
2.01195
2.04411
2.11894
1.98618
1.98737
2.00518
2.04351
2.04872
2.02476
2.02669
1.99674
1.8731
1.99007
1.98249
1.96955
2.00281
2.00749
1.97448
2.01576
1.97233
2.03962
1.99217
2.08491
2.02695
1.96209
2.02708
2.0487
1.99011
2.00396
2.01374
2.03693
1.93061
1.99059
1.95775
1.96808
1.99663
1.95721
2.05364
2.02348
1.93659
2.04687
2.064
2.10516
2.03327
1.92925
2.06863
1.97455
2.04619
2.0496
2.07011
2.03114
1.96193
2.03725
1.98703
2.00999
1.9744
2.0604
1.92915
2.04306
2.04539
2.05087
1.93888
2.03351
2.00915
2.06878
2.01221
2.0067
2.03092
2.03464
1.98237
2.02443
2.04913
2.02226
2.00574
1.98748
1.99279
1.94149
1.96618
1.95928
1.96403
2.00213
1.92258
1.89994
1.9867
2.06165
1.98639
1.98715
2.0792
2.02794
1.97633
2.02431
2.04299
1.99192
2.00731
1.98775
2.07098
2.06126
2.00575
2.03154
2.00151
2.05066
2.0104
2.00509
2.01335
1.98196
2.01605
1.99575
2.06987
2.0287
2.01281
2.06663
1.95822
1.9955
2.04255
2.00133
1.99955
2.04088
2.01371
2.04534
1.98675
1.99137
2.00579
2.01024
2.03554
2.00131
2.00626
1.95785
2.07472
1.96092
1.97849
2.00796
1.93413
2.00783
1.98586
1.91783
2.03275
2.08203
1.96142
2.05036
1.98663
2.05463
2.04459
1.98778
1.95153
1.94051
1.99137
2.04348
2.0035
2.0537
1.98336
1.95802
2.05749
2.04901
2.00073
1.93536
1.96969
1.97487
2.02445
1.90731
2.0102
1.99724
2.03576
2.02645
1.96442
2.0239
2.02779
2.02814
1.95858
1.949
1.96961
1.98389
1.97987
2.04385
2.01177
2.0079
2.01554
1.99324
2.03725
1.88871
1.9406
1.98953
1.98383
2.0708
2.01001
1.89997
1.94342
1.98123
1.95981
1.92803
1.90179
1.95568
1.93932
1.98953
1.93813
2.03185
2.02849
2.00378
1.9966
1.92746
1.99924
2.06058
1.98785
2.04519
2.00877
1.9829
1.97033
1.96568
2.00879
2.02917
2.0155
2.02422
2.00367
1.96223
2.03412
2.02683
2.00954
2.00498
2.02703
1.93674
1.97857
1.97931
2.01409
2.0145
1.97396
1.8734
2.03778
1.88472
1.99688
1.98963
1.97908
1.92232
2.03296
1.95487
2.08597
2.0041
1.96172
1.94155
2.02431
1.97232
1.9985
2.04938
1.98844
2.02883
1.98371
1.93379
2.04123
1.98256
2.06109
1.97576
2.02107
2.01749
2.03301
1.97703
2.01321
2.05895
1.98258
1.94258
2.02634
2.01308
1.99374
2.02795
1.90007
2.02174
1.97572
1.91818
1.96841
1.98449
2.04127
1.99804
1.98341
1.98286
2.02113
1.93197
2.02626
2.00517
2.06738
2.00847
2.05046
1.95578
2.02355
1.96899
2.03175
1.90557
2.02109
1.96898
1.97301
2.04436
1.97724
2.00119
2.00822
1.98802
2.10532
2.03396
2.0301
2.04807
1.98956
2.03051
2.0149
2.05584
1.99469
1.95605
2.03409
1.9707
2.02763
1.95053
1.98143
2.02348
1.96432
1.95724
1.95346
1.97942
2.01459
2.05338
2.01855
2.02673
1.97202
1.96812
2.08655
2.01838
2.05215
2.01914
2.05373
1.99478
1.92526
1.9603
2.01872
1.95901
1.95325
2.0096
1.99036
2.07831
2.02879
1.99445
1.93637
1.9293
2.0554
2.02604
2.09864
2.05447
2.07403
2.048
2.02055
1.9957
2.06372
1.97876
2.1089
1.91643
2.00557
1.99957
1.99694
1.98897
1.89952
2.01093
2.01395
2.04259
1.99915
1.98942
1.92401
1.99827
1.96306
1.97623
1.92958
2.04385
1.99624
1.95684
2.03621
1.9735
2.00233
1.94874
2.05218
2.04464
1.98075
2.02712
1.96351
2.05168
2.01713
2.01414
1.97347
1.97368
2.01587
1.99254
1.93199
1.96908
2.03835
1.98675
2.05622
2.01411
2.0391
1.94572
2.04669
2.00026
2.0096
1.98751
2.02021
1.91286
2.05705
2.08466
2.03065
1.99193
2.05541
2.04044
1.9704
2.01785
1.99464
2.01398
1.97144
2.04683
1.96894
2.03219
1.99578
1.97271
2.00258
1.96567
2.05663
2.02197
1.88602
1.98922
1.96433
2.00448
1.98154
2.00196
2.0228
1.89617
1.9752
1.99965
2.00437
2.00588
1.97324
1.97521
2.00034
2.02198
2.0467
2.00325
2.0271
2.01046
1.98694
1.98954
2.01935
1.99511
1.9859
2.01562
2.04518
1.94251
2.00039
2.04242
1.99712
2.03873
2.01065
2.01037
2.02317
1.97465
1.93124
1.99273
2.00111
1.96461
1.97137
1.99258
1.99079
2.111
1.9459
1.95574
1.96498
1.94997
2.00203
1.96531
1.98307
1.91117
2.01669
1.91279
1.99066
2.00365
2.00414
2.01012
2.00545
1.92215
2.01381
2.04187
1.93635
2.03078
1.90482
2.03217
2.00933
2.00543
1.96697
1.99376
1.89596
1.90587
2.05965
2.01379
1.9876
1.99643
1.91006
1.9121
2.00666
1.97238
2.0049
2.10414
1.96502
1.98924
1.98961
1.90065
2.0261
1.96679
1.99857
2.00141
2.03369
2.00761
2.02263
2.01718
2.04266
1.98064
1.98256
2.03377
2.00834
1.98043
1.99893
2.00495
2.02674
2.02645
2.00307
2.02208
1.97146
2.01755
1.96555
1.99925
2.04038
2.01147
2.03062
2.02352
1.96254
2.03381
2.04975
2.00324
2.04387
2.05874
1.92881
2.03461
2.04535
2.01528
1.98976
2.03652
2.02739
2.08185
2.04443
2.07765
1.93191
1.99043
1.96843
2.01265
1.98021
1.98814
1.97244
2.0077
1.96598
1.95451
2.00099
2.02661
1.96709
2.00669
1.94661
2.10478
1.93499
2.03289
2.05899
1.96942
1.94712
1.98413
1.97634
1.95689
2.00953
1.93332
1.96894
1.92285
1.99003
2.03342
2.01126
1.95124
2.10186
1.959
1.87714
2.04833
1.99916
2.06487
2.09453
2.0047
1.9645
2.01137
2.03928
2.12852
2.02619
1.98532
1.97477
1.97277
1.98119
1.85687
2.08329
1.97484
1.98813
2.07309
1.97232
1.9536
2.03881
2.00425
2.0116
1.99313
2.08546
1.96405
2.06348
2.06599
2.01864
1.99611
1.96158
2.03241
1.9727
2.07203
2.04266
2.01683
2.03228
1.95507
1.97764
1.95382
1.93534
2.0251
1.98991
2.00713
2.00339
2.02356
1.92603
1.97925
1.95161
1.95373
2.03056
2.07076
1.94008
1.97889
1.99594
2.00966
1.98111
1.97505
1.88491
1.96949
2.03165
2.03668
1.94646
2.03479
2.02812
2.03189
2.03864
1.98894
1.9816
1.99336
1.94138
1.99391
2.07304
2.06467
2.00748
2.02561
1.9841
2.04562
1.94951
1.99591
2.04516
1.9732
2.0219
2.01687
2.07594
1.97398
2.03572
1.99139
1.99776
1.95751
1.96314
2.02996
2.05629
1.98899
1.97087
2.01072
1.95596
2.02501
2.01738
1.96762
2.01649
2.01699
2.00391
2.03766
1.96252
2.00942
1.99767
2.02542
1.9902
2.00249
1.93102
1.99135
1.99309
1.99459
2.00906
2.02626
1.97925
1.98731
1.98348
2.06422
1.96958
2.02378
1.98726
2.02982
1.93839
2.01941
1.98224
1.95021
1.98162
2.04135
2.03236
2.03402
2.02254
1.94275
1.97418
2.01259
1.9864
2.0205
2.00017
1.94275
1.98399
2.01805
2.03512
2.01274
2.0027
2.04544
2.03849
1.95287
2.06276
2.01885
2.00937
2.01914
2.05716
2.05306
1.98544
2.0115
1.98631
1.94895
1.91624
1.99434
1.97498
1.90773
1.99514
1.90869
1.98495
1.98754
2.00571
1.92397
1.92945
2.01651
2.00743
1.9838
2.0021
2.04719
1.98793
1.97364
2.04411
1.91362
1.9399
2.03075
2.01456
1.9331
2.00868
2.08497
2.01237
2.04176
2.01889
2.05972
1.97422
1.94656
1.95187
1.97672
2.03733
2.00668
1.94806
1.9776
2.0415
1.87542
1.93059
2.03394
2.0515
2.03684
1.98147
1.96247
1.99278
2.02746
2.05549
2.01847
2.00979
1.96791
1.99325
2.07424
1.99076
2.03659
2.03675
1.87148
1.94275
1.95064
1.97906
1.91021
2.04456
1.97047
1.99038
2.02039
1.98416
1.88344
2.05108
2.01881
2.02824
2.12014
1.98279
2.01176
2.04688
1.92379
2.01677
1.95285
1.98567
1.99577
2.07072
2.05126
2.08212
1.97333
2.02601
2.0706
2.03133
1.99917
1.99766
1.96496
1.99469
1.97892
2.01244
2.01704
2.00059
2.01422
2.03188
1.94453
2.01438
1.95588
1.99457
2.00292
2.11032
2.03042
2.08303
1.97319
1.9385
1.98375
1.98302
2.03002
1.98822
2.01053
1.99191
1.90517
1.94075
2.07231
1.98248
2.1081
2.00744
2.04869
2.04169
1.9753
1.94371
2.03508
1.98838
1.94331
2.01954
2.00876
2.07858
1.94243
1.99171
1.93599
1.96997
2.03184
2.01342
2.0658
1.95877
2.00814
2.02225
1.94452
2.05151
2.08202
1.96385
2.0525
2.0055
1.99117
2.00389
2.02893
2.05212
1.94969
2.03937
1.9896
2.01466
1.93578
2.01783
2.04245
1.99707
1.92573
2.06825
1.99271
2.00968
1.98344
2.0366
2.02846
2.09283
2.01298
2.01101
1.97233
1.95902
2.08618
2.02508
2.01507
1.98226
1.95321
1.96272
2.0269
2.04256
1.99684
1.98425
1.94428
2.00521
1.92582
1.98157
1.97953
1.9715
1.94873
1.98244
1.98178
1.91819
2.07371
1.9915
2.03962
1.90145
1.8981
2.00918
2.01442
1.95036
1.96166
2.01449
1.98288
2.05642
1.93665
1.98659
1.97785
1.98752
1.94479
1.98138
2.05669
1.99887
1.88445
2.06184
1.96537
1.9504
1.95481
2.01235
2.02472
1.9852
1.962
1.98389
2.00723
2.05173
2.00121
2.04333
2.06555
2.07046
1.98843
2.02709
2.00226
1.98443
2.01215
1.90582
2.00805
1.99409
1.92888
1.99062
1.95247
2.05268
2.11706
1.96324
2.04105
2.03152
2.01804
2.05285
2.01587
2.04049
2.0081
1.95004
2.044
1.98377
1.91929
1.97445
1.98658
2.05313
2.00569
2.06455
2.06107
1.95938
1.96347
2.004
1.95395
2.0096
1.99627
1.97237
1.9184
2.00281
1.91762
2.00904
1.98299
2.03438
2.03562
2.06428
2.04419
2.0005
2.01034
1.98063
2.04348
1.89433
2.09257
2.05406
2.05827
1.98505
1.95946
1.95644
2.02224
1.9428
1.97938
1.99277
2.0136
1.95065
2.00417
1.97767
1.90933
2.03461
1.97497
2.04567
2.00414
2.07173
2.03567
2.00354
2.04743
1.99761
2.03837
2.00924
2.00322
2.02712
1.95657
2.06482
2.04686
1.99843
2.06265
2.04256
1.98964
2.01005
2.05864
2.00104
2.01634
2.09265
1.97862
1.9616
1.99586
2.05054
2.0459
2.00034
2.03367
1.92992
1.94741
2.00527
2.04695
2.0264
2.04916
2.03654
2.10645
1.9605
1.92215
2.00857
2.05523
2.05001
2.02936
1.99639
1.99113
1.92142
2.01586
1.92654
2.02228
2.00823
1.98923
1.92435
2.04388
2.01456
1.95289
2.08889
2.02534
1.9923
2.00087
2.08629
2.02906
2.04421
2.07401
1.97086
1.98798
2.01684
1.9757
2.00861
1.96629
2.03907
2.00465
2.02138
1.9892
1.93825
1.94655
2.02951
2.00421
1.91047
1.96922
2.00286
1.99497
2.03387
2.03657
1.9431
2.02733
2.0031
1.97264
2.01564
2.09268
1.99953
2.00928
1.98815
2.02173
2.03401
2.05596
2.05222
2.0823
2.0337
1.98588
2.04453
1.97518
2.03456
1.94167
2.03991
2.03956
2.02904
1.99577
2.01284
2.0016
2.02293
2.02499
1.99363
1.98832
1.99841
1.97436
2.01677
2.05792
1.95231
2.02723
2.00818
1.93785
2.00967
1.97959
2.00899
1.99186
2.0096
2.07652
2.00398
2.06122
1.99741
2.04096
2.01415
1.98015
2.01272
2.00375
1.98133
2.01641
1.95341
2.02699
1.97367
2.03313
2.01664
2.01087
1.98571
1.97874
2.04253
1.9206
2.01746
2.02706
1.93672
2.05632
1.96057
2.00016
2.07886
1.98075
2.02164
1.97905
2.00236
2.08365
2.01738
2.05933
1.94857
1.98974
2.01713
2.06181
2.0076
2.03771
1.99952
2.03329
2.00871
1.98807
2.02031
1.95806
2.03532
1.99771
2.02696
1.9882
2.00464
2.00916
2.03414
2.01446
1.95916
1.96669
2.09035
1.98819
1.96226
1.99247
1.99987
1.9962
1.97099
2.00246
2.00497
2.00302
2.01503
2.06255
2.0016
2.0301
2.01146
2.01105
1.95111
1.99583
2.02128
1.94266
1.9657
1.98533
2.00548
2.04542
1.93008
1.98608
1.93854
1.98343
2.08178
2.01273
1.98152
2.01432
1.98435
1.96861
2.03626
1.98954
1.92869
2.03924
1.95853
2.05565
2.02836
2.05699
2.05068
2.03248
1.95232
1.98987
2.02757
1.94916
2.04664
1.90934
2.03418
2.00363
2.02111
1.97727
2.03963
2.03859
1.96977
1.93264
1.98735
1.99579
1.99711
2.03222
1.98331
2.01951
2.04082
2.02604
1.99269
2.03491
2.01558
2.03421
1.99208
1.98906
2.00639
2.00295
2.05361
1.95986
2.04076
2.02663
2.0196
2.02957
1.97894
2.02612
2.0555
1.96022
1.95556
1.98747
2.04628
2.01395
1.9926
1.94701
1.99648
2.09573
1.95699
2.02222
2.04084
2.00253
1.93601
2.11953
2.03826
2.03796
1.99684
1.9939
1.97423
2.05523
1.98565
2.03422
1.97289
2.05453
1.9716
2.01611
1.97198
2.02118
2.02501
1.98595
2.02775
1.96356
2.07392
1.90609
2.06194
2.04714
1.95988
2.02971
1.99312
2.02232
1.99144
1.96792
2.04163
2.02035
2.03385
2.08398
1.99089
1.97563
1.97589
1.91625
1.95376
1.99181
1.99305
1.9634
1.9839
2.01226
2.00782
2.00642
2.00494
2.08337
1.96126
2.02373
2.04518
1.99822
2.03905
2.0203
1.99764
1.97906
2.01647
1.92267
1.94326
1.98915
1.9577
1.99171
2.00618
1.9454
1.88415
1.9455
1.98618
1.99734
2.00494
2.0535
2.01897
1.97399
2.03473
2.0078
2.02844
2.01558
1.97231
1.97465
1.985
1.91449
2.01263
2.03745
2.03926
2.01719
2.09983
2.00018
1.96332
2.0082
2.13054
1.97046
1.95893
1.98618
2.00923
1.9673
1.9935
2.01118
1.9927
1.99886
2.08938
1.99808
2.03837
1.8832
2.0363
1.92481
2.03211
2.01404
1.98216
1.94612
2.01591
2.04746
2.01985
2.09119
2.0111
2.03258
1.94527
2.032
1.85189
2.05518
1.99991
1.952
2.01251
1.9558
2.08534
1.98076
1.91824
2.00114
1.98041
2.02007
1.98852
1.9846
2.02884
2.00288
2.02015
2.00028
2.03633
1.97357
1.98206
2.02271
2.00556
1.92585
2.0259
1.95546
2.03904
2.01781
1.96745
1.97722
2.04754
1.9797
1.90224
2.01179
1.96015
1.95871
2.09004
2.01072
1.97401
1.96401
2.04252
2.05663
1.97588
1.94266
1.97802
2.04098
2.04982
1.96509
1.98358
1.98995
2.06642
1.91615
1.97703
1.98981
1.96001
2.02419
2.09453
1.96545
2.0621
1.94904
2.0395
2.01508
1.95054
2.02136
1.97021
1.96238
2.0314
1.93925
1.95591
1.99815
1.98585
2.03634
1.98899
1.98349
1.97401
2.0518
1.96858
2.04782
1.99373
1.94689
2.0549
1.95193
2.04577
2.0181
2.01903
2.00056
2.01398
1.99508
1.98001
2.01952
1.92807
1.96408
2.02578
1.90342
2.06523
1.90446
1.92228
1.9791
2.01157
2.00581
2.01131
2.00314
1.9591
1.97976
2.02442
1.97967
1.97458
1.97504
1.93977
1.99361
1.96086
1.95912
1.99778
2.01471
1.97704
2.01076
1.92026
1.99145
2.00539
2.01063
2.01854
1.96538
2.01026
1.97087
2.07128
1.9951
1.99369
1.94698
2.03709
1.97273
1.97006
2.06778
1.98898
1.99835
2.06515
1.97731
2.02619
2.04239
2.01974
2.01409
2.04637
1.99263
1.92528
2.0235
2.02501
1.99667
2.00206
1.96849
2.00292
2.00702
1.99861
2.01182
2.02995
2.0017
2.04676
1.99762
2.08741
1.94122
1.92766
1.96429
2.03684
1.99224
1.95972
1.96664
2.02578
2.01481
1.99701
2.10869
1.98706
1.94377
2.00121
2.05627
2.00686
2.02267
2.00531
1.97246
1.96131
2.01951
2.01425
2.02925
1.95105
2.07313
1.99494
2.01876
2.0324
1.96854
1.99241
2.02208
1.97772
1.99733
1.9222
1.99945
1.99451
1.92435
2.02644
1.92631
2.00723
2.00284
2.0231
1.98359
2.00167
2.03431
2.05827
1.9827
1.98305
1.97575
2.08849
1.97118
1.99567
1.956
2.04016
2.09091
1.96204
1.99915
1.94795
2.01991
1.96143
2.02011
1.97738
2.06058
2.04714
2.0037
1.97072
1.94977
1.91193
1.94806
1.99816
2.10598
2.0217
1.89234
2.00513
1.98103
1.99866
2.0399
2.02681
2.00401
1.94742
1.9782
1.97353
2.04796
1.9776
2.03153
2.01359
1.98793
2.0102
2.01291
1.97586
2.01365
1.95545
2.01486
1.98176
2.0407
2.08097
1.96671
2.00266
1.97583
2.00521
2.00354
1.9578
2.01339
2.02932
1.92886
1.9798
2.01775
2.02235
2.06421
2.03428
1.93853
1.91437
2.08718
1.96118
1.92844
1.95741
1.96591
2.01646
2.03973
1.9876
2.00812
1.99436
1.9594
1.99424
1.93092
2.02488
2.02264
1.96448
2.06799
1.87843
2.00793
2.01153
1.95235
1.93728
1.99849
2.05169
1.95349
1.99851
1.97642
1.99531
1.99164
1.99221
2.03459
2.04037
2.00895
2.02316
1.97367
1.99107
1.96689
1.98945
2.02145
1.93939
2.00292
1.99736
2.01477
1.9702
2.02653
2.01834
1.97119
2.00751
2.07453
2.05842
1.91313
1.98896
2.03269
1.99298
2.04892
2.01109
1.98383
1.92942
1.98824
2.03023
1.96633
1.98
2.03655
1.98205
1.98076
2.01653
2.08645
2.04428
1.94661
1.98603
2.04612
2.05293
2.03381
1.96172
1.96756
2.00019
1.98444
2.00509
1.92771
2.00857
2.08041
2.01457
1.96368
2.03537
2.02874
1.92213
2.01888
1.93975
1.99948
2.06732
2.03712
1.91838
2.03415
2.1245
1.92193
1.99382
1.94808
2.03245
1.94784
2.02091
1.95645
1.99538
2.03331
2.01819
2.03765
1.95546
2.02629
2.00178
1.99241
2.01685
2.01087
1.97903
2.01529
1.96464
1.94174
2.09544
1.92659
1.97754
2.07435
1.94237
2.05319
2.01825
2.00533
2.07107
2.02332
2.01856
1.97888
2.03827
2.02991
1.94423
1.94618
2.05149
2.05819
1.9855
1.99775
1.96618
1.95796
2.03489
2.00623
2.01306
2.02161
1.97031
2.01913
2.07291
1.96899
2.00586
1.98316
2.02914
2.03691
1.9685
2.01548
1.99199
2.06098
1.92768
2.02355
1.97532
1.9274
2.06535
1.9273
2.02273
2.0302
2.02971
2.00398
2.05771
2.019
1.9757
1.84465
2.00496
2.00736
2.10729
1.9401
2.00796
2.07832
2.03839
2.01719
1.95505
2.02765
1.93442
2.00555
2.03225
2.01353
1.99428
2.0488
2.06319
2.00186
2.05406
2.04802
2.0139
1.93964
1.94085
2.03243
1.97033
1.99031
2.03347
2.00124
2.03091
1.9727
2.03359
2.12238
1.99246
1.9464
2.01959
2.01133
2.04475
1.95705
2.01923
1.99859
2.00223
2.01009
2.08352
2.0057
2.0512
2.02794
2.0466
2.02759
2.021
1.99045
2.03717
1.8979
2.06749
2.02413
1.99599
1.9751
2.01027
1.99491
1.9865
2.00327
1.94708
1.96389
1.99597
2.03333
1.99224
1.96531
2.00652
2.02218
2.06088
1.93629
2.00592
2.00562
2.05359
1.9715
1.98957
2.06368
1.96808
2.11354
2.04212
2.02221
2.01829
1.97814
2.03275
1.99166
1.92639
1.96746
2.05324
2.03155
2.00631
2.00889
1.99205
1.9771
1.96761
1.9415
2.04089
1.93596
1.94775
1.94427
2.00398
2.00767
2.0545
1.96578
1.94005
1.97396
1.96936
1.91547
1.98764
1.9515
1.92466
2.03185
2.0093
2.02121
1.99938
2.04718
1.97416
1.9656
2.03184
1.99348
1.97123
2.00215
1.95084
2.05801
2.01836
2.08511
2.00223
1.93444
2.00607
2.08338
2.02606
2.02422
2.01403
2.05823
1.92431
2.06968
2.05643
1.97918
2.00816
1.97857
1.95028
2.00927
1.97607
1.95476
1.99332
1.99424
2.05399
2.08771
1.95351
1.99898
1.93586
1.99319
2.0193
1.99534
1.97626
1.9892
1.99311
2.03968
1.99409
2.06304
1.95504
2.04665
1.94958
2.00859
1.9706
2.0999
2.00689
1.87469
2.00473
1.96549
1.95348
1.94055
2.00262
1.98464
1.97698
1.99272
2.00496
2.03075
2.06717
2.00897
1.93565
2.00402
1.98911
1.99669
2.00585
1.9939
1.9724
1.99851
2.00257
1.93894
1.92338
2.01129
1.94688
1.93257
2.05712
2.03393
2.02546
2.00286
2.03958
1.98691
2.03629
1.97903
1.99199
1.97041
1.93132
2.01744
2.00163
1.92887
1.96174
1.9916
2.07858
2.01391
2.01254
1.9536
1.99188
1.95743
2.01211
2.0111
1.9784
2.03083
2.00606
2.06897
1.99996
2.00212
1.99247
2.06866
2.01442
1.91137
1.98494
1.98018
2.06743
2.08992
1.92945
1.96431
2.06184
2.01069
2.07228
2.03954
2.07898
1.9937
2.01509
2.02436
2.01687
2.02412
1.99965
1.99328
2.08392
1.92839
2.03726
2.07318
1.96256
1.95408
2.03914
2.05397
2.04514
1.97069
1.97264
1.99696
1.98462
1.95832
2.05412
1.96211
2.03408
2.00504
1.97798
1.96317
1.92155
1.99425
1.97353
1.98529
2.07241
2.0515
2.03413
2.01158
2.06399
2.00578
2.06418
1.98703
2.05519
2.07183
2.02622
2.02609
1.94259
2.02904
2.03199
2.06696
1.97476
1.97769
2.0782
1.97531
2.06411
2.00421
1.95704
2.0118
2.06483
1.98724
2.03304
2.03187
2.00512
1.98961
2.04127
1.96363
2.00987
2.04758
1.87815
1.88594
2.09303
2.01973
2.04323
1.97984
2.02484
2.01805
1.91272
2.02627
1.99568
2.05602
2.04132
1.97972
1.98
2.06983
2.04977
2.05213
2.04526
2.02506
2.04143
1.98354
2.02021
2.02382
1.95729
2.05243
2.00124
2.03313
1.9474
1.96743
2.0497
1.9789
2.10411
1.92241
2.05864
2.02861
1.99668
1.99367
2.05138
2.02811
2.0794
1.96631
1.98836
1.98183
1.90852
1.97025
1.94606
1.99657
2.022
1.94479
1.9838
2.07888
1.94872
2.02863
2.0118
1.96693
1.9622
2.00771
2.02466
2.0772
2.02644
2.01002
1.94695
1.95362
2.06565
2.02761
1.93199
2.03849
2.06586
1.99604
1.99428
1.95631
2.0446
1.94583
2.09696
2.0071
1.96618
1.98811
2.05802
2.01078
1.96965
1.93332
1.90438
2.02039
1.95315
2.0641
2.07102
2.0046
2.03633
2.01859
2.01889
2.11309
1.99914
1.97646
1.92855
2.08426
1.96157
2.01367
1.94642
2.08399
1.94394
2.00347
1.97713
1.97226
2.0504
1.96862
1.93168
2.02922
1.9537
1.99214
1.92497
2.00836
1.99718
1.96483
2.02866
2.05791
1.97449
2.00444
2.05831
1.96107
2.03259
1.93061
2.04413
1.94455
2.03134
1.97477
2.11626
2.00295
1.96819
1.97433
2.01499
1.97004
2.03601
1.98716
2.08901
2.0683
1.9817
1.93502
2.05631
1.96475
2.03927
2.04359
2.00061
2.08506
1.97511
1.96654
2.05068
2.04905
1.94121
2.05868
2.00599
1.9395
2.01637
1.96469
2.01916
1.98017
2.06775
2.01278
2.03387
2.08893
1.9569
2.00004
1.93635
1.92554
1.9397
2.03514
2.08988
2.09209
1.98289
2.02001
1.98923
2.01875
2.02715
2.0453
1.90193
1.95032
1.95031
2.02935
1.93508
2.02449
1.97083
2.06368
1.98486
1.97902
2.04225
2.02705
1.96437
2.01762
2.01488
2.06655
1.96809
2.01758
1.97734
1.97843
2.00982
2.00064
1.99063
2.04216
1.99927
1.96483
2.01021
1.95082
1.9725
1.94613
1.99435
1.95797
1.98328
1.91761
2.00791
2.02234
2.03594
2.04476
1.96404
1.96814
2.05309
1.95316
1.99198
1.95038
1.97795
2.00072
1.91868
2.01626
2.05856
1.92963
2.00088
2.03344
1.92585
1.9921
1.99596
2.0545
1.99306
1.9867
1.96697
1.94527
2.01742
1.95832
2.04189
2.05196
2.00184
1.90327
1.91151
2.05144
2.01034
2.00583
1.90427
2.04782
2.03616
2.02519
2.09939
2.04367
1.9871
2.03563
2.01921
1.97803
1.95262
1.94409
2.02277
1.97328
2.0876
2.05458
1.98411
2.01887
1.92484
1.94816
1.98352
2.01348
2.05604
1.99271
2.01508
2.01229
1.93804
2.05073
2.0764
1.97058
2.05827
1.97099
2.04111
1.96519
2.0487
2.03883
1.92375
1.99635
1.86517
1.94824
1.96885
2.06298
1.97517
1.97909
2.00678
1.98996
1.99981
2.0293
1.97571
1.97011
1.94681
2.01355
1.96995
1.97007
1.97225
1.98892
2.08117
1.94568
1.9857
1.94835
1.92994
1.94007
1.91474
1.94734
1.99757
2.08916
2.01351
1.96956
2.05878
2.11817
2.02734
1.96781
2.00392
2.01313
2.07329
1.96642
2.02049
2.0782
1.96027
1.9695
2.00335
2.05178
1.96136
1.98956
2.14223
2.03077
2.02563
1.99724
2.04896
2.00012
1.92419
2.02375
1.98797
2.02693
2.04362
1.99055
1.95503
1.95506
2.12849
2.02313
1.99004
1.98768
1.93083
1.98833
1.96077
2.02422
1.95438
1.99825
1.93205
1.99902
2.02825
2.02547
2.04593
1.98325
1.99735
2.00397
1.93687
1.91
2.01456
2.05553
2.08113
1.95537
1.93816
2.00279
1.96895
2.02112
2.03539
1.92482
1.92108
2.06813
2.02075
2.04912
1.98172
2.03135
1.99067
2.01079
1.98134
2.02251
1.92645
2.00808
2.03869
1.99608
1.97942
2.03037
2.0148
1.97419
1.96545
2.04851
2.05336
1.98118
2.05354
1.98436
2.02352
2.00406
2.02729
2.01259
2.03054
2.0182
1.9729
1.91629
1.93407
1.9861
2.01369
1.99523
1.96173
2.00837
2.0428
2.04084
1.98876
2.00595
1.90091
1.98332
1.89765
1.98026
2.00503
2.03592
1.94968
2.04832
1.94036
2.01981
1.98261
2.02373
1.92951
2.05399
1.95179
2.01428
1.90745
1.89899
1.99898
1.97629
1.95823
2.02494
2.01894
1.98568
1.90789
1.98585
1.97278
1.94474
2.00528
2.01813
1.98114
2.01842
1.97604
1.96551
1.96747
1.99028
2.05496
1.94598
2.06039
1.97889
1.9271
1.90721
1.87822
1.96452
1.98636
2.04946
1.97755
1.94762
2.04481
1.92595
1.96979
2.02229
1.93473
2.00398
2.07599
2.00274
1.94033
1.97638
1.99183
2.03803
2.02461
2.01645
1.96902
1.98341
2.01797
2.02605
1.98091
1.92894
1.9827
1.95476
1.9635
1.95297
1.99547
1.94841
1.92872
1.93462
1.98086
2.03416
1.95293
2.09721
1.96093
1.99045
2.03605
2.02093
1.96603
2.0266
1.98349
2.03157
2.00967
1.96983
2.00729
1.96862
1.98505
2.00214
2.04938
2.03661
2.07383
2.00032
2.03404
1.98536
2.03488
2.03896
1.97936
1.94254
2.03292
1.94431
2.0914
1.95269
2.00259
2.00005
2.02676
2.03557
1.99768
1.98486
1.99377
1.94036
2.02004
1.96091
2.05771
1.96235
1.99237
1.99244
2.00959
2.01659
1.94572
2.0449
2.03177
2.02628
1.98038
1.99962
2.00745
2.0199
2.02457
1.98025
1.97647
2.02662
1.98231
1.96981
1.87525
2.087
2.12451
1.99669
2.06428
2.00073
2.05648
2.08326
1.96858
2.02199
2.10379
1.98469
1.95789
1.94802
2.01483
2.04693
2.01579
1.99113
1.97892
2.04442
1.93523
1.97548
2.04334
1.98146
2.04141
1.93954
1.90821
1.99669
2.0922
2.01088
1.96649
1.97155
2.02092
2.00539
1.98091
1.99074
2.07697
2.03004
1.97788
1.9298
2.09829
1.97922
2.02007
2.05656
2.05528
2.07299
1.94695
1.96528
2.08058
1.9945
2.0342
2.04849
1.98841
2.07664
1.96499
2.01753
2.00053
2.00368
2.02524
2.02191
1.98681
2.02703
1.9825
1.99673
1.98422
1.98365
2.02437
1.93842
2.03886
2.01854
1.95456
2.01608
1.92871
2.02747
1.97414
1.9999
1.95523
2.00494
1.90608
2.01023
1.9356
1.99086
2.00388
1.99293
1.95813
1.99231
2.03793
2.05128
2.05299
2.00211
2.00623
2.0431
2.03915
1.91996
2.00503
2.03042
2.06008
1.96799
1.93001
2.05242
1.94163
2.03207
2.01685
1.99724
1.96973
2.02396
2.08028
1.99957
1.96419
2.00652
2.02301
2.05676
2.02705
1.98212
1.99668
2.02384
1.96529
1.93695
2.01488
1.96437
1.92663
1.99358
2.07094
2.00825
1.98442
1.9436
1.97253
2.04976
1.92975
2.01449
2.0308
1.98726
2.08236
2.05163
1.98135
2.01024
1.90548
2.01718
2.0147
2.04253
1.94607
1.96212
1.98977
1.95953
1.97367
2.04703
2.02163
2.00934
1.98418
2.00189
2.00971
2.03199
2.03168
1.99506
1.9874
2.03992
2.06185
1.97053
1.96806
1.92262
1.99092
2.05195
2.01596
2.02959
2.05059
2.03846
1.92096
2.03203
1.9768
2.04041
1.98657
2.02685
1.94406
2.06691
1.98968
2.04537
1.95396
1.98048
2.02196
2.00212
1.98851
1.96932
2.04659
2.01233
1.95312
2.01505
1.99329
1.97975
1.98164
2.03977
1.93675
2.07745
2.07722
2.01347
2.01569
2.03873
2.01347
2.04825
1.97707
1.96679
2.03313
1.9782
1.98029
1.98658
2.07833
1.91542
2.07541
2.04273
1.96093
2.06503
2.02762
1.98676
2.05325
1.96368
2.08591
1.96542
2.02918
1.99586
2.00493
2.01488
2.02825
2.1217
2.04801
2.04446
1.99121
2.01642
1.95667
2.00797
2.02181
2.06846
2.03537
1.99441
1.98182
2.05467
1.94631
2.01834
2.05219
1.99608
2.02041
2.02611
2.04732
1.97412
2.04928
1.96914
2.03707
1.99408
2.02627
2.07852
2.09487
1.98952
1.98783
2.04031
1.97061
1.98298
2.03595
2.00279
1.97593
2.02643
1.98761
2.03173
1.98535
1.98616
1.95615
1.9591
2.06292
2.01469
2.00437
2.00489
1.98018
1.97713
1.97626
2.03293
2.05323
1.94456
2.01673
1.96039
1.94498
2.00855
2.01561
2.01401
2.08672
2.02779
1.99991
1.9856
2.01316
1.94962
1.96321
1.93961
2.05756
1.94888
2.03442
1.97877
1.9883
1.99424
1.96579
1.97363
2.00242
1.96639
1.98718
1.95422
2.01703
2.12548
1.98072
2.04315
1.99917
1.93292
1.98103
2.00402
2.0938
2.00844
1.96136
1.96799
1.99457
2.01395
2.09232
2.01157
2.08041
1.9455
1.97508
2.03363
2.01086
2.01211
1.95252
2.00707
1.99948
1.99611
1.95719
1.98305
1.96804
2.0592
1.97465
1.99483
1.97334
2.03089
2.00499
1.95111
2.0381
2.06273
2.0581
1.98958
1.92202
2.08241
2.01195
1.97456
2.03762
2.00484
1.97621
2.08739
2.05444
1.9161
2.02997
2.00365
1.96343
2.00804
1.97333
2.0291
1.95373
2.0156
1.97672
1.95445
2.10536
1.95917
2.02477
2.03895
2.04833
2.00833
1.93389
2.03233
2.0481
1.92664
1.98351
2.0074
2.05179
2.01444
1.98121
1.97779
2.06761
2.01795
1.95874
1.9412
1.99263
2.01836
2.01805
2.01821
2.04608
2.00925
1.99596
1.98042
2.0054
2.02504
2.00184
2.02448
1.94227
2.01884
2.02353
1.93452
2.02866
2.06801
2.01824
2.0013
1.99912
1.96937
2.0183
2.01286
2.01739
2.00555
1.9972
1.9562
2.02505
1.97897
1.97333
2.01136
1.99693
1.94163
1.98982
2.02128
2.00146
2.02936
1.93548
2.03832
2.04493
1.93905
2.02503
1.99378
1.98987
2.04516
1.95328
2.03389
2.00664
2.06564
2.03145
2.10981
2.00421
1.97638
1.97273
1.94414
1.99982
1.95077
1.95422
1.95576
1.98471
2.13354
1.93937
2.05332
2.00365
2.03623
2.03274
2.03559
1.90815
2.01384
1.9803
1.97224
2.02354
2.03104
2.04375
1.98067
1.94683
1.99916
2.03827
2.05197
2.02636
1.97674
1.97702
2.03205
1.9432
1.97233
2.05849
2.01385
2.13004
1.94713
1.98091
1.99311
1.97889
1.99109
1.99097
1.92134
2.03443
2.01755
1.99031
1.93275
2.01478
1.93883
1.95342
2.00792
1.96784
2.01771
1.92133
2.00905
1.99192
2.02948
2.0171
1.99684
1.98234
1.93581
2.04283
1.99461
2.01547
2.0324
2.05743
2.14097
1.96558
2.02837
1.92549
2.06842
1.99091
2.04134
2.00697
1.94993
1.94131
1.92784
2.01249
2.03854
2.01755
2.03343
1.97855
1.88715
1.98989
2.01703
1.95259
2.05881
2.01466
1.98603
2.0059
2.00128
1.93311
1.96966
1.99414
1.99914
1.97593
1.93795
1.99975
2.01371
1.99515
1.98364
1.97889
2.05993
2.04973
2.00051
1.89885
2.06083
1.98402
2.03896
2.01708
2.01246
2.01819
2.03218
2.01959
2.0821
2.0002
1.93248
1.99884
2.00381
1.98534
2.03428
2.06814
2.00884
1.90525
1.9684
2.00417
1.99601
2.00345
2.05991
1.99067
1.98872
2.00827
2.02019
2.01956
1.93947
2.04037
2.03527
1.97813
2.025
1.95192
1.99978
2.05061
1.95813
1.99663
1.98792
1.99917
1.98713
1.97584
1.9938
2.0347
1.83241
2.02828
1.95523
1.97847
2.08344
2.01263
1.97132
2.00332
2.01229
2.06348
1.99925
1.99027
1.99257
1.99588
1.9347
2.01861
2.05809
2.02073
2.02016
2.0617
2.01266
1.98214
2.07057
1.96943
2.00915
2.03465
1.93977
2.00729
2.00735
2.00818
2.05075
1.88016
1.98842
1.96957
1.95409
1.98812
2.00702
2.07226
1.99476
1.93843
1.99487
1.97599
2.03248
1.90653
2.01175
2.07833
2.02608
1.94115
2.0062
2.03686
2.10242
2.01317
1.94921
1.96199
2.08114
1.99476
2.04531
1.91708
2.03038
1.97284
1.94051
2.01508
1.93524
2.03406
2.01574
1.98052
1.9766
1.98919
1.9661
2.0097
2.0487
1.97816
1.9626
2.00983
1.99889
1.94855
2.00681
1.96191
2.06298
1.91233
2.07273
1.98964
1.99756
1.97463
1.97915
2.05841
2.07558
2.00591
1.9921
1.99759
2.12749
1.99005
1.96734
1.99567
1.96338
2.0945
2.01096
2.00919
2.02662
1.99008
1.95291
2.0041
2.0243
2.06904
2.02194
2.02482
2.05491
2.05813
1.93829
2.00761
1.96401
2.00263
2.03675
1.98059
1.98491
1.94206
2.08853
2.01383
2.0212
1.94744
2.05798
1.96589
1.97536
1.98477
2.02026
2.07152
2.027
1.94688
1.91596
2.11175
1.94152
2.04693
1.95724
2.00188
2.02378
1.90965
2.03119
2.0904
2.0218
1.95201
2.0084
2.03161
2.06428
1.99062
2.00154
2.01919
2.04872
2.04944
1.95547
2.09227
1.96923
2.11142
2.0142
1.99661
2.02694
2.04979
2.01943
2.0431
1.9471
2.00553
2.00921
1.96647
1.95073
2.01225
1.9289
1.98182
2.03374
1.98637
1.9
1.99344
2.02829
1.98789
1.94985
1.96484
2.05593
1.97669
1.98504
2.01482
1.89189
1.99577
2.00672
2.01898
2.0117
2.00926
1.95595
2.02126
1.98992
2.03678
2.0202
1.98912
2.00713
2.03385
2.00206
2.01699
2.0234
1.97538
1.94768
2.00021
2.01207
2.00536
1.94523
1.9241
1.9326
2.0159
2.03679
2.01249
2.00612
2.03241
1.95664
1.99755
2.03132
1.9643
2.00803
2.05586
1.9156
1.9711
2.00024
2.05834
2.02362
1.94939
1.99761
2.03186
1.97397
2.04588
2.02751
1.97369
1.96863
1.94343
2.01477
1.95912
1.97376
1.95559
1.94768
1.98315
2.03955
2.02952
2.00367
2.029
2.00275
2.02705
2.08628
2.00132
1.97622
1.96624
1.96644
1.98203
2.00697
2.00706
2.01548
2.05513
1.98013
1.96979
2.00352
2.01953
2.00322
1.96215
2.02766
2.03632
1.98622
1.95999
1.96031
2.10895
2.02412
1.9846
1.98566
2.03858
2.01519
1.90111
1.93225
2.04903
1.9512
2.03444
2.0275
2.06223
1.99057
1.96439
2.04199
2.00691
2.01355
2.07857
2.0281
2.00946
2.03432
1.98133
1.99322
1.97434
2.10325
1.96371
2.05505
1.99574
2.01589
1.96462
2.04666
1.98441
2.00085
2.01334
2.03015
1.97567
1.99331
2.01855
2.03785
1.98492
1.93851
1.9871
1.98459
1.97671
2.00839
1.99593
2.00092
2.05487
2.00937
2.02667
2.01993
1.994
2.01245
1.94598
1.99115
2.07031
1.97761
1.93271
2.06171
1.99365
2.02335
2.10464
1.97785
1.97084
2.04825
2.02648
1.97579
2.00164
1.99793
1.97199
1.98121
1.99238
1.99696
2.05966
2.01483
1.9978
2.03257
1.98633
1.99608
2.03092
2.01697
2.06382
2.06184
2.04834
1.95871
1.97175
2.05803
2.01151
2.03932
1.9961
1.94062
1.98465
2.01573
2.00466
2.00478
1.95504
2.02622
1.94387
1.98811
1.90429
2.00335
1.9749
1.88062
2.06945
1.94215
1.99927
1.96369
2.05136
2.05822
1.96125
2.07339
1.99641
2.01595
1.99101
1.95886
1.96682
1.98551
1.9135
2.01953
2.02912
1.94604
2.02466
2.02709
1.98817
2.0498
2.00258
2.03195
1.99546
2.11602
1.97214
1.96335
1.94873
2.06884
2.10192
1.99156
2.14301
2.03135
2.06348
1.94435
2.02922
2.0368
1.99211
1.99273
1.99022
1.99715
1.98371
1.99904
2.10207
1.98569
2.02624
2.00263
1.90568
1.98232
1.99953
1.99279
1.98101
1.99231
1.95286
2.011
2.03076
1.99506
1.96506
2.00644
2.01756
2.06597
2.0195
2.04435
1.99281
1.98108
2.08165
1.9523
2.0241
2.07032
1.99154
2.05007
1.92604
1.93289
2.04763
2.03939
2.03885
1.9985
2.05455
2.00078
2.00721
2.01393
1.95126
2.01757
2.01065
2.04094
2.00582
2.06853
2.0328
1.97279
1.96408
1.98899
2.01371
1.96211
2.02198
1.9629
1.98516
2.02004
1.93664
1.96661
2.02465
2.00662
2.01235
2.03138
1.99326
2.024
2.01005
1.98629
2.00532
1.95356
1.91984
2.00034
1.9325
1.94646
2.0065
1.9393
2.04562
2.0633
2.04586
1.906
2.10535
2.02257
1.98234
2.03812
1.93348
1.92192
2.02668
1.98377
2.07516
1.98893
1.95541
1.95817
1.9803
1.93679
2.00091
2.04346
2.01732
1.94916
2.07126
1.94098
2.02102
2.00117
2.00333
1.94921
1.96953
2.02743
1.93937
2.02104
2.02395
1.95894
1.98871
2.00035
1.94769
2.06274
2.0133
2.02138
1.9923
1.95723
1.96658
2.0227
1.98721
1.98474
1.9504
2.0524
1.97146
2.0141
2.02707
2.04068
2.00615
2.02423
1.88646
1.93657
2.047
2.03303
2.03879
1.96628
2.00638
1.96735
1.97716
1.92563
1.92193
1.96576
1.97576
2.04718
1.94408
1.95329
1.98587
2.02999
2.00427
2.00798
2.02098
1.94846
2.04771
1.96003
1.88098
1.97667
2.01641
2.12178
2.07791
2.07147
2.07359
1.97786
2.02409
1.99153
1.9066
2.04808
1.98467
1.97986
2.00707
1.99262
2.01569
2.00106
2.00891
1.91578
1.98368
2.01946
2.03315
2.00575
2.01634
1.94652
2.01476
1.98525
2.01993
1.91971
1.9551
1.99823
2.0125
1.9529
2.03907
1.97493
1.9493
1.99949
2.07399
2.01173
1.97312
1.98333
1.94991
1.98363
2.0532
1.94014
1.92973
1.97026
1.98484
2.02636
1.9915
2.03021
2.02832
2.07415
2.00451
1.99909
2.01204
1.98946
2.03008
1.99637
1.97652
2.00348
2.06748
1.98486
2.08204
1.98063
1.93972
2.08462
2.05454
2.0189
2.03723
1.9901
1.96459
1.94005
1.92411
1.96536
2.0046
2.0473
2.06414
2.05964
1.9914
1.90849
2.03345
2.00488
1.94594
1.91112
1.95554
2.02766
1.99236
1.9787
2.00733
2.0187
1.93493
1.97526
2.05647
2.07197
2.00346
2.06094
1.97962
2.01031
2.05702
2.00225
2.05154
2.0302
1.94108
2.00657
1.99732
2.03363
1.98452
1.90986
2.06745
2.04704
1.96052
1.99965
2.01658
1.98872
2.00717
1.95649
1.92893
2.03205
1.94365
1.98998
1.90248
2.05578
1.95085
1.97516
2.00323
2.03807
1.96647
1.99047
1.99891
1.98145
1.99622
1.97964
1.9773
2.00178
2.03496
2.06004
2.04812
1.96358
2.01824
2.0268
1.99051
1.96355
2.02204
1.99856
2.01464
2.0093
2.05636
1.94525
2.10361
1.99269
1.8782
1.97953
1.92426
1.95697
2.04023
2.05561
1.96832
2.02875
1.8785
1.99375
1.96218
2.07489
1.94402
2.05844
1.94784
2.01833
2.07015
1.91766
2.05295
2.01499
1.95236
1.99275
1.99698
1.95774
2.00084
2.01594
2.03027
2.06194
2.03933
1.9491
2.01455
1.9233
2.01625
1.8974
2.07244
1.96938
1.97248
1.98679
2.00099
2.00542
2.0372
2.02247
2.07273
1.96565
1.97125
1.98528
1.99091
1.94632
1.91207
1.97976
2.10822
2.01385
1.9711
1.98064
2.00487
2.04611
1.98916
1.95426
1.99569
2.05102
1.99135
2.03494
1.98277
2.05188
1.98539
1.97181
2.00953
2.06385
2.02955
1.94545
1.99488
2.0285
1.98413
2.02198
2.04344
2.03747
1.96053
1.92749
1.99181
2.04054
2.04425
1.98193
2.07655
2.01981
1.98555
2.02222
1.96593
2.02304
1.98454
1.99312
1.9824
1.98702
1.96731
1.91773
1.97339
1.98493
1.926
2.04308
2.00605
2.01568
2.03957
1.99962
1.98239
1.98877
2.08805
2.08719
2.05011
1.94115
2.03254
1.94313
2.06833
1.92101
2.02794
1.94452
1.99202
1.98482
1.97632
2.03163
1.98296
2.0652
2.03136
1.99321
2.00017
1.98235
2.03181
2.033
1.98223
2.03756
2.03107
1.98724
1.98588
1.98314
2.03581
2.03747
1.99022
1.99761
2.04696
2.02444
1.91794
2.03309
1.97842
2.032
1.95085
1.96496
1.97374
2.04177
1.96137
1.95086
2.02041
1.97364
1.99994
1.98186
2
1.98707
2.05815
2.03259
1.96192
1.89426
2.03672
2.07288
2.01713
2.03512
1.99119
1.95349
1.98988
2.0078
2.04946
1.95699
2.08717
2.02649
2.05513
1.97986
2.05069
1.948
2.03913
2.04325
1.96776
1.99981
2.04382
1.93824
1.9994
1.96267
1.98446
1.94861
1.96859
2.06236
2.01379
1.95725
1.96549
2.0004
1.92816
1.99317
2.10851
1.95766
2.02817
1.98817
1.97359
1.97863
1.94688
1.97578
1.98753
2.08132
1.97871
2.04899
2.01585
1.90077
1.87738
1.96885
1.99059
2.00609
1.99228
2.07673
2.06592
2.11117
2.00903
2.04177
2.05786
2.01505
1.9604
2.03311
2.04521
2.00373
2.07096
2.00111
2.01284
1.97371
2.04253
2.00297
1.97188
2.03009
2.04281
2.0404
2.00853
2.02102
2.02817
2.02222
2.03328
2.02034
1.84568
2.00908
2.01824
2.00203
1.97113
1.94498
2.07469
2.01525
2.06375
2.01575
1.9846
2.07639
2.02072
2.06895
1.98572
2.02997
1.97632
2.08902
1.96599
1.95176
1.92614
1.9234
2.02012
2.04825
1.98604
1.93556
2.01786
1.99502
1.95301
1.96212
1.99909
2.01065
2.0026
2.02245
2.06788
1.98597
2.03507
2.05971
2.0353
2.04667
2.04532
1.99471
2.0325
1.96988
2.013
2.05312
1.95261
1.95829
1.98353
1.96498
1.91024
2.01285
2.01327
2.03563
2.00482
2.02583
2.08391
1.96948
1.96767
2.06886
2.03517
1.98791
2.02493
1.91275
1.93341
1.94711
2.00164
1.97373
1.93783
1.92729
1.98311
2.03511
1.92551
1.93113
2.04153
1.96481
1.95181
1.97605
1.99895
1.99823
1.96706
1.92008
1.995
1.99223
1.99154
2.00866
1.94486
1.93737
1.98955
2.10291
2.02893
1.96338
2.03188
2.02419
2.03134
1.96222
2.02193
2.03796
2.05507
2.00653
2.06872
2.03572
1.97364
2.0257
1.9203
2.02446
1.9971
1.97892
2.05546
2.03306
2.00196
1.99732
2.06065
1.94069
1.92968
2.04821
2.01123
1.93897
2.03864
1.94054
2.00442
2.07213
2.03072
1.92162
2.01912
2.00282
2.10645
1.999
1.98587
2.01627
1.99718
1.95316
2.0276
2.00195
2.08042
2.00282
1.95457
1.98058
2.03622
1.97215
2.05352
2.06101
2.02167
1.98268
1.9606
2.06407
2.01443
1.94019
1.96714
1.9935
2.02837
1.97404
2.04094
2.04895
1.97636
2.01983
2.01714
2.0282
2.01845
1.96641
1.96147
1.99497
1.93921
1.93332
2.00986
1.91524
1.98921
1.95515
2.0171
2.04214
1.9956
2.07839
2.05265
1.99288
2.05578
2.01026
1.96316
1.93996
1.96887
2.10372
1.90982
1.97957
1.91208
2.02974
2.02134
2.0145
1.91684
2.01399
2.06147
2.09475
1.9682
1.93867
1.97057
2.00192
2.00921
1.95378
2.008
2.08188
1.96512
2.00438
2.01354
2.01229
2.04462
1.89168
1.95216
1.95193
2.01506
1.97829
1.96579
2.02732
1.97731
2.08506
2.05373
1.90503
1.9603
1.97886
1.97306
1.98913
1.98651
2.01156
1.98375
1.91827
1.924
2.0321
1.96572
1.98456
1.96954
2.0269
1.95049
2.01759
1.99655
2.05307
1.98608
2.02616
2.00008
2.07279
1.97732
1.9828
2.00462
1.98761
1.98715
2.00762
2.04067
2.02024
2.06471
1.96737
2.05589
1.97243
2.05719
2.05953
1.98668
1.97756
1.98959
2.01194
2.05435
2.07357
1.93332
2.02442
2.03848
2.05118
2.00496
2.03627
1.92643
1.96746
2.05438
1.98826
2.02618
2.04161
2.0843
2.02237
1.98901
2.04969
2.03768
1.98177
2.05011
2.01275
2.04756
1.96552
2.06556
2.04609
1.98542
1.97448
1.97263
1.95384
1.90213
1.97328
2.00011
1.95884
1.99074
2.0227
2.07171
2.02395
1.99861
2.12626
2.00974
2.05224
2.01142
2.00172
1.98635
2.00778
1.99659
1.96439
2.03232
1.98948
2.0315
1.94126
2.03343
1.94053
1.96767
1.97954
1.96352
1.91673
1.98808
1.9791
1.97544
1.92629
1.96085
1.90668
1.97447
1.97633
2.0038
2.01412
2.08064
1.98066
2.06942
2.01521
1.92508
1.98209
2.00307
2.03044
1.96934
2.01134
1.97303
2.02572
1.95632
2.07002
2.02192
2.01069
1.97633
1.98068
1.97812
2.03197
2.02739
2.04406
2.02638
1.89557
2.08201
2.01836
2.02141
2.00092
2.03888
2.03082
2.02929
2.03331
1.99427
2.03275
1.97265
1.97612
1.9203
2.03365
2.0412
1.983
1.96984
2.00488
2.05012
2.01353
1.98161
2.02103
2.03741
1.98763
1.94356
2.0074
1.98995
2.06132
2.00009
2.04534
2.00301
2.05569
2.00302
1.99901
2.04067
2.01891
1.97697
2.01608
1.97148
1.96675
1.97068
2.00267
2.05503
2.09671
1.88944
1.99315
2.04516
2.06415
2.00596
1.95332
2.02395
2.00809
2.0719
2.06268
1.97546
1.98258
2.06243
2.08468
1.98494
1.92947
1.99999
1.94422
1.98193
2.06152
1.96434
1.9377
1.91609
2.02495
1.90752
1.96807
1.99949
2.00679
2.02733
1.9902
1.99687
1.90777
1.9596
2.0484
2.08872
1.99929
2.05998
2.04881
2.01135
1.94925
2.06174
2.00754
1.9611
1.95052
2.03554
1.94137
2.02802
2.01938
1.98499
2.01065
1.99327
1.95182
1.98055
1.98912
2.06276
1.93975
1.96772
1.96975
2.08579
1.98693
2.00136
1.89117
1.95067
2.05293
1.92088
1.9764
1.99952
2.08374
1.99959
1.97534
1.98033
2.05002
2.03492
1.9759
1.98606
2.02076
2.001
2.02253
2.0328
1.97217
2.00769
2.01047
1.94842
2.04932
1.98896
1.99315
1.99156
1.99527
1.98929
2.05169
2.03446
2.07315
1.97493
1.97377
1.99258
1.99955
1.91582
1.96567
2.03974
1.98977
2.01712
2.01125
2.01461
2.02871
2.05945
1.97249
2.03912
2.01126
1.93226
1.98384
1.95539
1.96983
2.03107
1.99797
2.02775
2.01983
1.97914
1.99385
2.00419
1.987
1.96417
1.92117
2.03479
1.92263
1.97424
2.0281
1.94733
1.98763
2.06124
2.04816
1.99221
1.98344
1.93729
2.01616
1.9624
2.01416
1.9767
1.96335
2.08167
1.99539
1.91981
1.86945
2.06442
1.98176
1.99725
1.99013
1.96469
2.06781
1.99924
1.97616
1.93761
2.03548
1.96263
2.06052
2.02611
1.90533
1.9751
1.96529
1.9629
1.95612
1.96679
1.95533
2.00536
1.95204
1.97779
2.06279
2.05613
2.01734
1.99251
1.96985
1.97385
2.00347
1.99516
2.03992
2.01414
2.03828
2.0222
1.90396
2.0051
1.96622
2.02023
2.01718
1.97025
2.00032
2.01473
2.02789
1.9503
1.94297
2.03647
2.00454
1.98957
1.96479
2.0043
2.09169
1.95575
1.92639
2.02237
1.97278
1.99885
1.97604
2.03273
2.01388
2.02674
1.99354
1.98529
2.05949
1.99314
1.9561
1.98509
1.9758
1.98064
2.01783
1.98731
2.02125
1.95714
2.04133
2.06191
2.02616
2.04177
2.03756
1.95868
1.99943
1.93199
1.96276
2.03383
1.99583
2.05129
1.98344
2.00682
1.99783
1.9894
1.97717
2.03624
2.00744
1.9904
2.06009
1.95083
1.98357
1.99838
2.08208
1.99266
2.02826
1.94434
1.95059
2.00038
2.07184
1.98272
2.03998
2.00761
1.95666
2.00029
2.02327
2.01103
2.01959
1.99081
1.9858
2.01244
1.96088
2.06914
1.88409
2.08477
2.01732
1.9426
2.05346
2.03888
2.00758
1.96439
2.00498
1.93652
1.9518
2.05557
2.0169
2.05154
1.97919
1.96417
2.04993
2.01617
1.95502
2.0228
2.01823
1.94499
1.9857
2.08069
1.95384
2.03062
2.0181
1.97783
1.97607
2.01194
1.9744
2.07561
2.09195
1.93563
1.98475
1.95755
2.02467
2.04878
2.05238
1.93721
2.02175
1.96491
2.00124
1.96643
1.9997
1.98133
1.98915
1.98615
1.95653
1.97634
2.01818
2.00222
1.97202
2.09288
1.97751
1.98248
1.96666
1.9707
2.01008
2.07815
1.99842
1.97915
1.97712
2.08337
1.98092
1.985
1.91285
1.99792
2.01994
2.02363
2.02104
2.01024
2.02315
1.96051
2.01679
1.97689
2.00128
1.94695
2.02469
1.99349
2.04328
2.03913
2.0161
2.04163
1.9872
2.03244
1.97976
2.02163
1.97191
1.96951
2.00071
1.97376
1.95777
2.07054
2.04612
2.00294
2.02264
1.97257
2.00776
1.97623
2.00234
2.005
2.02152
2.06337
1.97012
1.98968
2.00582
1.99977
2.05273
2.0688
2.01107
1.91231
1.95651
1.98674
2.00013
1.96905
2.011
2.06362
1.9368
2.01706
1.95417
1.96966
1.97684
1.98995
2.05757
2.02929
2.02149
1.94375
2.02261
2.04441
1.95012
1.87357
1.97653
1.95552
2.01552
2.02413
1.9938
1.99334
1.92446
2.09888
2.05291
2.072
2.01218
2.03984
1.95098
2.02897
2.03229
2.01845
2.02983
2.05372
1.9603
1.98636
1.99326
1.94843
1.94749
1.97782
1.95675
1.95779
1.98026
1.96158
1.93868
1.96742
1.99125
2.03955
1.9616
2.04305
2.01564
1.97328
1.98972
2.06337
2.04978
1.95741
1.98758
2.05623
1.96551
1.99829
1.98365
2.00018
2.00078
2.08652
2.00804
1.98538
2.02881
1.99619
1.91369
2.02527
2.0494
1.937
1.99329
1.97204
1.96644
1.98713
1.98309
1.99592
1.96629
2.13913
2.00747
2.04169
1.96028
1.99474
2.03995
2.06458
1.93548
2.0302
2.00841
2.01475
1.92692
2.04889
2.0007
2.02877
1.9651
2.03666
1.95268
1.98362
1.93537
2.07358
1.99246
2.01723
1.98493
1.96622
1.99371
1.97539
1.95796
2.04689
1.96791
1.97758
2.01141
2.00393
2.03795
1.98137
1.99503
1.94314
1.94322
1.97383
2.00651
1.98263
2.01037
1.98025
1.90571
2.00825
1.97655
1.96873
2.02896
1.96526
1.91032
2.02076
2.03879
1.89347
2.08156
2.03916
1.95093
2.01737
2.10819
1.96307
2.07707
1.9467
2.01055
2.02787
2.02941
1.8815
2.04673
1.93214
2.02842
1.96902
1.98092
1.9927
2.03241
1.96579
1.95503
2.02249
1.96397
2.02684
2.07855
2.06016
1.98076
2.00175
1.97602
2.02724
2.06816
2.05564
2.01528
2.00894
1.96315
2.05393
2.03201
2.00283
2.03023
1.99774
1.9438
2.03791
1.99438
2.02688
2.07504
2.10024
1.98681
1.9766
2.06163
1.94318
2.01137
2.07576
1.91594
1.95319
2.0256
1.94546
2.03037
2.06958
2.01087
1.91999
1.94005
2.00485
1.96048
2.01888
1.98966
2.01877
2.00201
1.95634
1.98691
1.96013
2.04323
1.93263
2.06456
2.02894
2.05137
2.04568
1.93942
1.93599
1.99496
1.99249
2.11118
2.03191
1.98913
2.04188
1.99521
1.96924
1.95981
2.00075
1.9919
2.02705
2.03796
2.01625
1.9953
2.00533
1.99245
2.0637
2.06307
1.93096
1.94472
1.97001
1.96549
2.01341
2.02093
1.98735
2.04963
2.0069
2.01113
1.89181
2.02445
2.06675
2.02244
1.96638
2.03476
2.02094
2.05062
2.02409
2.01405
2.05897
1.9232
2.03999
2.02725
1.99778
1.93854
2.00583
1.93918
1.99098
1.93692
1.99157
2.07945
2.03231
2.01161
2.05436
1.99875
2.03827
2.11476
2.04878
1.97868
2.02093
2.0662
2.02928
1.95839
2.03125
1.96077
1.95677
2.08799
1.96631
2.06772
1.96154
1.96886
2.01273
2.04162
2.01686
2.09494
2.03375
2.01061
2.02057
2.0215
2.08095
1.96455
2.01519
2.01155
2.03343
1.9429
1.97645
1.91715
1.99936
2.03126
1.98747
1.99668
2.03074
1.96022
2.03618
1.9712
1.97982
1.93519
2.03933
1.97234
2.04637
1.91697
1.92536
2.04172
1.93279
1.97418
1.94109
2.03985
1.98466
1.98361
1.95264
2.007
2.03283
2.05408
1.98756
1.99673
2.05474
1.97773
2.05978
1.9775
1.94399
2.02007
2.06981
2.08761
1.98429
1.95768
1.9893
1.95771
2.00408
2.01043
1.97949
2.01219
2.06719
2.03981
1.98985
1.97232
2.00353
2.00058
2.02994
1.97968
2.0215
2.02124
2.02024
1.95223
1.96938
1.98162
2.00386
2.00207
1.97525
2.05391
2.01594
2.07513
1.94785
2.00963
1.97232
2.03262
2.04788
2.04813
1.99721
2.03919
2.00012
1.94643
1.90706
2.1253
1.96769
1.99935
2.004
2.0011
1.98677
1.96376
1.97883
2.03821
1.9697
2.03051
2.03264
2.03012
1.97959
2.04316
1.99927
2.02962
2.06139
1.98756
2.03451
1.97581
2.0157
2.05372
1.99997
1.98973
2.04107
1.98891
1.95011
1.94385
1.99477
2.0312
1.98854
2.01499
1.99586
1.99611
2.00865
1.99119
1.99571
1.94621
2.02777
1.93021
2.03372
2.03347
1.9596
1.9718
1.94734
2.01511
1.99524
1.98588
1.97562
2.05462
2.04501
1.87153
1.98023
2.04765
2.04076
1.9937
1.97572
2.00059
2.05343
1.93981
1.97065
1.9239
1.94394
1.99088
2.06732
2.02743
2.0279
1.94179
2.02577
1.93028
2.0806
1.95168
2.00244
1.99152
1.96952
2.02184
1.99086
1.99017
2.0792
1.99412
2.07208
2.04886
2.06276
1.99239
2.05665
2.03608
1.99684
1.98388
2.04106
1.95209
1.97259
1.92453
2.02384
2.0328
1.98045
1.9835
1.99903
2.00217
1.92557
2.00633
2.05298
1.9782
1.89642
2.01698
1.94346
1.99815
1.98739
1.9553
2.11163
2.03347
1.95495
1.92283
1.9891
2.00309
1.97418
1.94995
2.0049
1.93297
2.02014
2.04185
2.01084
2.06127
2.0177
1.88644
2.04704
1.96829
1.96313
1.93352
2.09389
2.07853
2.0667
1.98175
2.03667
2.05914
2.00104
2.0465
2.03471
2.02803
2.08094
1.9676
2.03987
1.98836
2.01113
2.01349
1.99463
2.02946
2.08936
1.95178
2.06775
2.03199
2.07811
1.99454
2.00935
2.0119
2.04732
2.05086
1.95449
1.98733
1.98107
1.98875
2.0635
2.03845
2.01429
1.92608
1.9287
2.01059
2.00564
1.99088
2.02881
2.01179
1.90841
1.98141
2.00621
2.03153
1.96766
1.99471
2.00513
1.97832
2.00061
1.9733
2.01254
1.96198
2.03659
1.97777
2.03257
1.95946
2.03487
2.00566
2.0234
1.98339
1.96779
2.12138
2.00006
2.01365
2.08472
2.04499
1.97043
2.00739
2.02874
2.05668
1.95589
2.0014
2.06396
1.96808
2.04554
1.93249
1.99225
1.9453
1.99656
1.95798
2.02811
2.02655
1.96181
1.97294
1.96939
1.99122
2.01869
1.86502
2.09385
1.98514
1.98167
2.02699
2.0538
2.02511
1.96326
2.0036
2.01663
2.00252
1.93897
1.94411
2.00257
2.05221
1.99946
2.00489
2.00561
2.03951
2.00861
1.94003
2.02148
2.02499
2.06172
1.98926
1.99816
2.01115
1.97507
1.99347
1.96505
2.10583
2.06597
1.99269
2.01138
2.0065
2.01468
2.01653
2.0118
1.91474
2.02867
1.96049
2.1
1.97519
1.92199
2.01225
1.95013
1.96311
1.93351
2.10579
1.97008
1.94768
1.9352
2.05583
1.94874
2.13683
1.89511
1.97952
2.06213
2.0102
1.97886
2.02478
1.96852
1.94957
2.01423
2.03403
2.03259
2.06801
2.04243
1.94963
1.96758
2.05383
2.01855
1.95982
2.05005
1.96971
1.93942
1.94549
2.04226
2.03472
1.95154
1.98292
1.94951
2.02637
1.99824
1.98923
2.03217
2.05917
2.01205
2.01791
2.01096
2.01033
2.01824
1.98073
1.95939
1.95552
1.99365
2.05212
2.07216
2.09841
2.03878
2.0585
1.99611
1.9967
2.04531
1.98289
2.02306
1.99355
2.01865
2.01768
1.97281
1.96703
1.9633
2.00315
1.99466
1.9506
1.99525
1.9478
1.93848
2.01397
1.91857
2.01448
1.99327
2.02192
1.96134
2.00824
2.00875
1.98129
1.92939
1.93147
2.00289
2.01821
2.04061
1.97288
1.86019
2.07383
2.11592
1.94915
1.97992
1.97913
1.95176
2.01626
2.0161
1.95407
2.00149
2.05279
1.97405
1.93389
1.86986
2.1033
2.01429
2.04043
1.98835
2.04714
2.06715
2.0239
1.93646
2.00221
2.01151
1.97833
1.96444
1.97506
1.97174
1.97297
2.04982
1.9641
1.97179
1.98713
2.02239
1.91855
1.98349
2.00188
2.00565
1.94408
2.00995
2.01004
2.06292
2.04879
1.99319
2.0162
1.98405
1.99566
1.97708
2.03838
1.93718
2.07288
2.11635
1.95659
1.94222
2.00208
2.02177
1.96124
1.9757
2.03009
2.00287
2.01524
1.9962
1.99868
1.95733
2.05619
2.02284
1.9166
2.05066
1.99176
1.96033
1.98211
1.96862
1.98593
2.06012
1.98603
2.00471
2.00029
2.02265
1.96388
1.99651
2.04117
1.95148
2.08617
1.9791
1.91642
1.99268
2.01923
1.97878
1.98489
2.03877
2.00956
1.91217
2.00685
1.97936
2.01118
2.04615
1.96143
2.03739
1.98443
1.98992
2.01321
1.9923
1.93676
1.96283
2.01402
1.92581
1.96751
2.02048
2.00953
1.95893
1.99488
2.02077
1.9646
2.0661
1.91071
2.07173
2.01352
2.02344
1.97412
1.98566
1.97252
1.94654
2.01919
2.09408
2.01227
2.06003
1.9898
2.01468
2.02265
2.02876
1.97315
1.97773
2.06819
1.97503
2.0525
2.07532
2.0072
1.95104
1.99561
2.05669
2.038
2.03082
2.00577
1.98733
1.96828
2.02626
2.06233
2.06052
2.02636
2.00065
2.03421
2.03945
1.91891
1.89812
2.00895
2.04539
2.03468
2.02402
2.00306
2.00172
2.05617
1.95322
2.01678
1.91759
2.07836
2.01176
2.02152
1.93749
2.042
1.93579
1.96988
2.03327
2.03692
1.95831
2.00102
2.04441
2.01434
2.00252
1.98933
1.96792
1.96154
1.98846
2.0046
1.98029
2.05873
1.96832
2.0235
1.99747
2.01903
2.03852
1.94321
2.03817
2.01492
1.95158
1.96557
1.96016
2.00848
2.0112
1.94597
1.95766
2.0192
1.96105
2.00388
2.05067
1.93518
2.03138
1.99572
1.93228
1.99179
1.98482
2.03161
1.9659
2.08808
1.97936
2.00354
2.0029
1.90217
2.02396
2.02853
2.03091
2.02255
2.07665
2.02372
2.0792
2.01833
1.99242
1.90036
2.02101
2.00256
2.01906
2.02052
1.98105
1.9835
2.01384
2.01722
1.90982
2.01281
2.06593
2.03249
2.00479
1.96997
2.01437
2.00477
2.00289
1.98974
1.98642
1.97145
2.04106
1.9719
2.02781
1.98529
2.05298
2.11425
2.03581
2.02537
2.03656
1.97492
2.04109
2.03901
2.05175
1.97872
1.95017
2.02044
1.99096
2.05226
1.95953
1.99565
2.00904
1.9529
1.98334
2.05138
1.98443
2.04764
2.07424
1.96297
1.91364
1.95467
2.02002
2.00825
2.00741
1.98639
1.97289
2.02952
2.03802
1.97005
2.0151
1.92479
2.0067
2.01313
1.94385
1.94932
1.96359
2.04926
1.97661
1.93959
2.01172
1.93003
2.05497
2.00757
1.96583
2.02935
1.99948
2.01479
2.0316
2.02555
2.06578
1.97031
1.95816
2.02312
1.98953
1.99829
1.937
1.96391
2.07843
1.97196
1.98073
1.99714
1.99611
1.96431
2.02431
1.95585
1.99156
2.05695
2.01562
2.04842
2.07663
2.01408
1.92832
2.02745
1.97989
2.00139
1.94469
1.96212
1.98588
2.0002
2.00839
1.95393
1.9644
1.97562
1.97997
1.99405
1.97007
2.01563
2.0011
2.00671
2.03161
1.92788
2.02027
2.11438
1.93472
2.00555
1.99908
1.92526
1.96281
1.91087
1.99582
2.03693
1.96885
2.03597
2.06613
2.07033
1.94321
1.97111
2.03876
1.92015
1.96932
2.02216
1.97613
1.99225
1.97012
2.01261
1.91029
2.02269
2.00593
2.03717
2.01188
1.98019
1.97019
1.97853
1.973
2.02101
2.11075
1.94581
2.03993
2.06682
2.02416
2.05665
1.95394
2.02895
1.95558
1.95041
2.00893
1.97786
2.04416
2.00489
1.97694
1.97755
2.02286
2.01562
1.97874
2.00153
1.98391
2.02511
1.99507
1.92789
2.00704
2.05972
2.04824
1.88675
2.05595
1.93798
2.0153
2.06442
2.00163
1.9648
2.07863
1.96332
1.94745
2.14334
1.91655
1.96475
2.03817
1.99542
2.03299
2.0134
2.00127
1.95942
2.00613
2.00599
2.07624
2.04627
1.95027
2.07705
1.98959
2.00934
2.00443
1.95051
1.9845
1.96671
1.97838
1.93106
2.03109
2.00947
1.94322
2.01177
2.06391
1.92032
1.97907
2.09374
2.0044
1.96549
2.08671
1.97559
2.02849
2.00529
1.96465
2.08778
1.96499
2.06195
1.98682
2.02134
1.95893
1.98492
2.00929
2.0451
2.00067
1.99868
2.059
1.9563
2.0694
1.89626
1.87983
2.03412
2.02848
2.02256
1.96746
2.03808
1.96705
2.04823
1.95218
1.98969
1.98424
2.01175
1.91164
1.98774
2.01719
1.96568
1.98103
2.02684
2.02934
2.05585
1.99726
2.02426
1.98883
2.01173
1.96183
1.97982
1.97444
1.98884
1.95032
2.04711
2.00575
2.02337
1.95292
2.06277
1.96924
1.99504
1.9873
1.98189
1.98001
1.94403
1.93497
1.98023
1.97825
1.94083
1.95569
1.9928
1.99973
1.99509
1.99868
2.01083
1.99875
1.91467
2.0395
1.95058
2.08302
1.95162
2.02893
1.94341
1.94415
1.96114
1.99516
2.07195
1.97349
1.98364
2.00473
1.95946
2.05202
2.01238
2.00479
2.00987
1.96502
1.95444
1.96129
2.03248
1.97172
1.96815
2.03144
2.01602
2.00734
2.08028
1.98975
2.04758
1.89596
2.01078
1.96196
2.03739
1.9769
1.97823
2.03394
1.94071
2.04377
2.00031
2.00267
2.02234
1.9373
2.04303
1.97313
2.03109
2.02776
1.99738
1.98525
2.03288
2.00928
1.93977
1.98585
1.97146
1.99691
2.02388
2.02901
1.96446
2.0237
2.01081
2.06908
2.00995
1.96093
1.99599
1.97369
2.01649
2.07778
1.95926
1.95935
1.94882
2.02489
2.04252
1.94778
2.01284
1.98246
1.9081
2.0081
2.07061
2.03924
1.99856
1.91573
1.93365
2.03976
2.0128
1.9215
1.91572
2.08465
1.968
2.02833
1.98421
2.08771
1.9648
2.0784
2.02555
1.9554
1.97418
1.90727
2.02307
2.06203
1.92079
2.00647
1.9855
1.94958
1.9542
1.98235
2.0185
1.99954
2.02808
1.99551
1.99252
1.97324
1.97383
2.01612
1.9903
2.02168
2.06048
1.99551
1.96731
1.9798
2.00261
1.95967
1.99656
2.02427
1.96981
2.01513
1.99971
2.05744
2.0535
2.04511
2.05562
1.92955
2.0438
2.0928
2.04
2.0208
1.96254
2.08417
1.98278
2.00651
2.0857
2.08463
1.95228
1.95089
1.98855
1.98961
2.02536
2.04544
1.99576
1.98538
2.04731
1.97918
2.00219
1.95792
2.03679
1.9604
1.93824
1.96417
2.07962
1.99106
1.94531
1.95364
1.99503
2.046
2.02367
1.97759
1.9495
2.03315
1.98635
2.07111
1.96873
2.00823
2.01411
2.03036
2.01274
2.08346
1.98748
2.00704
2.04339
2.05476
1.94434
1.9093
1.97099
1.94295
2.0359
2.03329
1.89893
2.06067
2.06491
1.98824
2.06556
1.97212
1.96631
1.96933
1.96496
1.92163
2.00547
1.98077
2.04597
1.99351
1.93485
2.03515
1.9873
1.97656
1.99893
1.98259
2.07644
1.9748
1.98424
1.91115
2.0133
2.00625
2.03993
2.00186
2.01414
1.92652
1.94736
1.98743
2.08351
1.98584
2.04567
2.03402
2.01791
1.98976
1.95411
1.99237
1.98029
2.01598
1.96357
2.04772
1.95211
2.00342
2.00632
1.98041
1.97194
2.0365
1.94162
2.01214
1.97706
1.9586
1.93399
2.05653
2.02098
2.05931
1.99976
1.99867
1.93374
1.95808
1.96511
2.08203
2.01428
2.02587
2.06695
2.03658
1.91718
1.91421
2.00205
2.01128
1.99064
1.94504
1.94062
1.99474
2.03202
1.92645
2.01714
2.03217
2.04923
2.07689
2.003
1.97153
2.00598
1.95562
2.03896
1.99494
1.94826
2.0338
2.01071
2.03824
2.00118
1.98936
2.11303
2.09117
1.89476
2.04256
1.99734
2.02629
2.03589
2.04982
2.02869
2.06943
1.9697
2.03338
2.03366
2.02511
1.99907
1.98993
1.96095
1.94727
2.0039
1.9834
2.06298
1.97158
1.99287
1.97275
2.00956
1.96243
1.97916
2.03909
2.03552
2.02126
2.01765
1.98447
1.96294
2.01156
1.99064
2.03897
2.06197
2.09927
1.86641
2.07151
2.01527
1.98415
1.91575
1.9595
2.01366
1.94923
2.02771
1.98164
2.08097
1.97512
2.05057
1.96414
1.9989
2.01888
2.00461
2.04031
2.00775
2.0498
2.07151
1.98042
2.10141
1.97638
1.99465
2.07188
1.99882
2.03438
1.98888
2.02518
2.01564
1.94576
2.06556
2.02155
1.92079
2.01966
1.96474
1.97582
2.00738
2.01432
1.99919
2.00988
1.97737
1.97124
2.04158
1.98943
1.86638
1.95787
1.97381
1.93723
1.91628
2.00964
1.93038
1.97906
1.98308
1.96466
2.02287
1.96461
2.08903
2.03176
1.96749
1.95629
2.09182
1.99512
2.01036
1.93194
1.99036
1.97749
1.90076
1.97773
2.07261
2.07054
1.97857
1.97521
1.97877
2.09091
2.05148
2.05661
1.97018
2.03843
2.00353
1.98257
1.93664
1.94895
1.91134
1.96246
1.98759
1.99866
2.04326
2.01097
1.99541
1.97532
1.98377
1.98018
2.00695
2.03181
2.03222
2.07456
2.01462
2.0214
2.00564
2.03091
2.03441
1.99581
1.97342
2.00814
1.98855
2.03706
1.99847
2.04288
2.05123
1.97491
1.96985
2.00266
1.96138
1.94984
2.03689
2.00151
2.00799
1.94625
1.96802
2.01675
1.97397
2.03464
1.9942
2.04351
1.96503
1.9789
1.93785
2.05113
2.05358
1.94695
1.95683
2.01152
2.05796
1.98772
1.98893
1.9447
1.97614
2.03112
1.97076
2.0561
1.91507
1.9885
2.05734
2.02982
2.00918
2.05876
2.02438
1.99787
2.05848
1.95085
2.0137
2.04141
1.97491
2.01197
1.99473
1.98639
2.13923
2.00951
1.99981
1.95385
2.00608
1.99719
1.99161
2.03876
1.98613
2.04485
1.9946
1.98464
1.93943
2.01585
1.97492
2.06407
1.95254
1.97456
1.94583
2.00648
1.9546
2.06866
1.97948
1.96109
1.98986
2.00098
2.09007
1.93919
1.99611
2.00078
2.04458
2.01962
1.94702
1.95983
2.0513
2.01806
2.06918
1.98059
2.08326
1.9894
1.97889
1.98291
2.05598
1.95772
1.96162
2.00836
1.98003
2.01727
1.97235
1.94685
1.96591
2.02348
1.94519
1.93837
1.99217
2.02177
2.06333
1.95829
1.96293
1.972
1.97834
1.93995
2.0583
1.97619
2.08208
1.8895
1.96035
2.01249
1.97751
2.00359
2.01939
1.92212
1.96605
2.07751
1.9621
2.0386
1.98279
1.96261
2.06506
1.99149
1.94933
2.02974
2.03678
1.99605
1.98194
1.95068
1.88508
1.98213
2.01476
2.03918
1.98494
2.0316
2.01838
2.0783
1.94038
1.9331
1.97304
1.98958
1.99253
1.9613
1.96969
1.99906
2.00054
2.01692
2.00675
2.04216
2.09377
1.97855
1.94554
1.96125
2.00562
1.95805
2.03922
2.01018
1.9439
1.95688
2.04448
1.9551
2.00106
1.98547
2.09728
2.00385
2.07419
1.96872
2.0551
2.00914
1.95595
1.98641
1.95665
1.95416
1.96943
2.01349
2.00654
1.96183
2.01464
1.99396
2.08927
2.03136
1.9624
1.99739
1.96071
1.97104
2.07516
1.97187
2.0551
1.96143
1.9348
2.02645
1.96988
1.96921
1.93889
1.95411
1.97293
2.0836
1.9495
2.05297
2.07051
2.03755
2.00727
2.07183
1.99308
1.97386
2.0124
1.96308
1.9765
2.03071
2.01762
1.98475
2.00254
2.00393
2.03753
2.05728
1.97291
1.95506
2.01579
2
2.04311
2.08226
2.00801
1.89627
1.92587
1.96021
1.90384
2.03388
2.05828
1.97991
1.99901
1.94988
2.03044
2.08443
2.00166
1.99934
2.02799
2.00311
2.02269
2.03222
1.98828
1.9676
1.89036
1.9864
1.93335
2.03049
2.06063
2.02883
1.9978
2.013
2.05304
1.98134
1.9633
1.97406
2.00536
2.05343
1.98678
1.92608
2.02305
1.99663
1.9283
1.98807
1.94947
1.96797
1.96952
1.97343
1.94857
1.99887
1.96397
1.93786
2.05503
2.08243
1.95747
1.91149
2.01708
2.05205
2.00364
2.01657
1.98886
2.0307
2.02146
1.98692
1.97017
1.9203
1.96238
2.00726
1.97915
2.02549
2.02665
1.96904
2.02997
2.00409
1.97865
1.97779
1.98283
1.96767
1.98716
2.04222
1.97801
2.03225
2.00709
1.93112
2.03108
2.01837
2.07129
1.95947
1.97141
1.94849
2.05072
2.00484
2.01475
1.96623
1.95318
2.01521
2.00355
2.00791
2.03491
2.0511
1.93735
1.97401
2.05186
1.99189
2.06275
1.98378
2.05557
2.08794
1.984
2.03593
2.05008
1.98408
2.10499
2.0413
1.96576
1.88651
2.00176
1.89114
2.01643
1.94363
1.91504
1.99375
2.01105
2.00075
1.96423
1.9775
2.01714
2.02448
1.97738
1.95925
2.03286
2.02972
1.98683
1.94829
1.9917
2.02319
2.01842
2.04348
2.03153
1.98702
1.9855
1.98728
1.99249
2.00587
2.08997
1.98877
1.96418
1.9421
2.02723
1.99182
2.03014
1.97717
1.95538
2.02383
2.02366
2.01316
1.99812
2.01675
1.98374
1.98028
1.94065
1.99925
1.97619
1.98458
1.98262
1.96924
2.00374
1.97096
1.98849
2.04884
2.08442
2.00413
1.98743
1.97647
1.96676
1.94263
2.02037
2.00592
2.00496
1.89997
2.00073
1.96812
2.00819
1.97655
1.97011
1.97348
2.00603
1.9804
2.03767
2.00372
2.00002
2.01567
1.98128
2.03047
1.92345
2.02409
2.03483
2.00751
1.89627
2.01706
2.03295
2.07131
1.95353
2.01581
2.00519
2.02834
2.05528
2.04572
1.98802
2.02328
2.00184
2.00212
1.96951
1.90477
2.00796
1.9102
2.02844
1.98582
2.01734
1.90958
1.96113
2.02375
2.04819
1.99324
2.04143
2.03193
1.9693
2.03392
2.03156
1.97745
1.96176
2.01861
2.00601
1.962
1.96829
1.95509
1.91592
1.9435
2.05863
2.00693
2.00926
2.00612
1.95025
2.00947
2.00448
2.03648
2.06896
1.97298
2.00442
2.01713
2.04292
2.01307
1.97858
1.88647
1.94917
2.00274
1.97599
2.00044
2.03838
1.95496
1.99127
2.00185
2.01238
1.96686
2.06309
2.00895
1.96842
2.02118
1.98747
2.01862
2.01347
2.03974
1.99336
2.02685
2.01394
2.10757
2.04061
2.01503
1.98355
1.94867
2.00131
2.02554
2.05782
2.09563
1.9114
2.02284
1.9873
2.02548
2.00092
2.03206
1.91058
2.01602
1.98005
1.99371
2.11839
1.99875
1.9894
2.06245
1.98677
1.99944
2.11325
1.91879
1.93239
1.97851
2.06932
1.9157
1.9827
2.04035
2.01418
2.04683
2.06206
1.97574
2.05161
2.01513
1.95142
2.0834
2.01094
1.96076
1.92893
1.99032
1.97966
1.98364
1.97963
2.0209
2.05617
1.97146
2.00082
1.92703
2.03282
1.92644
1.97825
1.99728
1.98277
1.99236
2.05943
1.98059
1.94968
2.02864
1.98525
2.00216
1.93795
1.96088
2.0389
1.97324
1.96672
2.01652
1.98772
1.99152
1.96703
1.97376
2.0073
1.98104
1.98948
1.92775
2.00185
2.01833
1.9641
1.97944
1.93388
1.98082
1.98148
2.00473
2.04838
1.979
1.91453
2.01297
1.95795
2.02423
1.97997
2.01762
2.04819
1.97503
1.95974
2.05648
2.01415
1.97657
1.94856
2.03581
2.06316
1.95022
1.96642
1.93311
1.8918
1.9381
1.99704
1.97838
2.03711
1.9806
1.99989
2.03752
1.94028
2.05882
1.98237
1.94158
2.04033
1.95379
2.03204
1.97032
1.9751
2.10519
1.91899
2.03794
1.95918
2.00249
1.99303
2.03019
2.06678
1.9856
2.05347
2.04333
2.00908
1.99559
2.00822
2.02704
1.98831
1.99613
1.99512
1.95822
2.08123
1.98189
2.02974
2.00212
1.99176
2.02255
1.99134
1.98882
2.05063
1.99201
1.94892
1.99163
2.02304
2.02838
1.98869
2.01501
1.93182
1.96509
2.09035
2.06537
1.99269
2.01207
2.01272
2.04967
2.02125
2.01819
1.94751
1.90566
2.00564
2.07773
1.9912
1.99911
1.94002
1.96428
1.98553
2.07421
2.0092
1.98593
1.96682
1.94344
2.01076
1.96862
1.97358
1.92085
2.02042
1.96524
2.01611
1.95201
2.02085
2.00012
1.95337
2.0632
1.99822
2.01423
2.00262
2.02191
1.89283
2.00954
2.00109
1.99511
1.99112
2.04079
2.05073
2.02867
2.04579
2.0045
2.06898
2.07804
1.94291
1.99903
2.04447
2.00188
2.00809
2.01847
2.02574
1.97907
2.00509
2.01967
1.94897
2.02492
1.9952
1.96734
2.09123
2.0149
2.03756
1.9242
1.93855
1.96337
1.95391
2.01578
1.96337
2.03556
2.00518
2.01087
2.03917
1.95514
2.01463
2.01457
1.99723
1.97973
2.03922
2.06389
1.97757
2.06315
1.95825
2.02987
2.01226
2.0136
2.01634
2.08308
2.05281
1.97754
1.98725
1.98052
1.99786
1.98269
2.02782
2.01226
1.96851
2.10826
1.96941
2.06886
1.97566
1.93535
2.0556
2.04237
1.96033
1.97581
1.97227
2.06012
2.05662
1.98164
1.96248
1.99544
2.01366
1.95061
2.001
2.03851
2.03247
1.95252
1.97992
1.92573
2.0221
2.01206
2.02527
2.10469
2.13275
1.9563
2.02399
2.02317
2.04672
1.98218
2.01838
2.02992
2.0364
1.96816
2.06285
1.98205
1.98246
1.94159
1.999
1.97675
2.0554
2.05159
1.98307
2.03038
2.00786
2.05422
2.02207
1.92324
2.00353
2.02776
1.99863
2.04078
2.05225
2.098
1.92844
2.02344
1.98362
1.99074
1.95938
2.0017
1.98546
2.02147
1.99812
1.93514
2.00521
2.02608
2.02341
1.93681
2.03124
1.99763
1.99366
2.03125
2.0814
1.9405
2.00523
1.97182
1.95691
1.99302
2.03857
1.96086
2.04472
2.01467
2.02031
2.04067
2.01571
1.99637
2.02759
1.97434
2.06213
1.94156
1.99857
1.97758
2.0466
1.9552
1.90609
1.98199
1.90342
1.96883
2.03563
1.98709
2.02425
2.08024
2.02588
1.94005
1.95986
1.97173
1.98822
2.00629
2.05664
2.00738
1.91685
1.97261
2.02933
1.99832
1.9027
2.0338
1.92869
1.93745
2.00772
2.01516
2.00113
1.9585
2.04846
2.01943
1.94583
2.02652
1.97029
1.96472
1.98627
1.99345
2.10999
1.99838
2.04702
1.96982
2.03043
2.12498
2.02198
2.04977
1.96034
1.99617
2.01187
2.05554
2.00093
2.03844
1.99623
2.08533
2.02828
1.97842
2.06668
1.96445
1.95988
1.98536
1.94844
2.04078
2.04165
1.9489
2.09274
2.05691
2.03655
2.0247
2.06559
1.98042
1.93076
2.02101
2.03543
1.9822
1.98621
2.05197
2.04761
1.94136
2.05541
1.98596
2.03423
2.00103
1.98928
2.04429
1.96321
1.96384
2.02112
2.05451
1.98286
1.99795
2.01504
1.9349
1.98126
1.98774
2.06264
1.97053
2.02769
2.03806
1.99165
1.99514
2.04651
2.00168
1.97917
1.92915
1.91206
1.94306
1.95839
1.97467
2.00185
1.9869
1.94522
1.98533
2.0627
1.90562
1.98433
1.92218
2.0142
1.93282
1.98034
2.03701
2.04762
1.97458
1.98752
1.94114
2.05493
2.05955
2.01825
1.98775
1.99095
1.88865
2.06213
2.01783
2.05566
2.01541
1.96798
1.95955
1.98046
2.04576
1.97557
2.03033
1.9779
2.05516
1.9297
1.96167
2.00201
1.99831
2.0038
1.99098
1.9327
1.96394
1.99234
2.04231
1.95789
2.03409
1.97569
1.95159
2.02063
2.06235
1.99461
2.00274
2.02287
1.94034
1.99065
1.98012
1.96507
1.97598
1.96577
2.01467
1.90924
1.98134
1.93438
1.9753
2.01753
2.00684
2.04373
1.96891
1.99105
2.00151
2.00258
2.00789
1.98113
2.05107
2.00356
1.91504
2.01069
1.97676
1.90441
1.91939
2.04654
2.01325
2.08164
2.02411
1.94953
2.01248
2.03024
1.96561
2.00859
2.05662
2.0347
1.98034
1.98519
2.0231
2.03552
2.02551
1.97975
1.97076
1.99949
2.033
2.00286
2.02377
1.95877
2.03796
2.07653
1.89379
1.98219
1.98815
2.01968
1.90586
2.02742
2.01798
1.96209
2.00208
2.06953
2.06518
2.04199
1.9683
2.00223
2.01465
1.95811
1.96284
2.0718
1.98688
1.96546
1.94623
1.94274
2.07421
1.95567
2.01231
1.98689
1.9707
2.00665
2.0255
1.98744
1.98601
2.09211
2.06385
1.974
1.91593
1.97803
1.95258
1.9973
2.0026
1.99112
2.03568
1.97593
2.02306
1.96769
1.91189
2.07999
1.88867
1.96722
2.02509
2.03601
2.0274
2.03235
1.98622
2.05967
1.97566
2.03822
1.964
1.97495
2.0218
2.05805
2.0009
2.02538
2.04498
1.98641
1.98829
2.04298
1.9628
1.93532
1.97326
1.97105
1.99014
2.06965
1.96229
2.01433
2.00454
2.03746
2.09642
1.95743
2.01129
2.05236
2.02454
2.00154
2.02865
2.10969
2.02639
2.01951
1.9917
1.99772
2.05695
2.03554
2.06027
2.13933
1.99871
1.99542
1.93843
1.93989
2.11887
2.11198
2.01174
2.05002
1.98982
1.99409
2.05638
1.96888
1.98246
2.0095
1.92991
2.02464
1.99669
1.925
2.00884
2.01876
2.03842
1.96552
1.99435
2.02117
1.93846
1.9972
1.94467
1.99567
1.99046
1.99303
2.0048
1.94315
2.02088
2.01175
1.93821
1.99308
2.03295
1.98045
2.00005
1.97073
1.99577
1.97784
2.04063
1.98336
1.88772
2.04728
2.01106
2.06535
1.96483
2.05754
1.97646
1.98278
1.99344
2.00979
2.0538
1.94605
2.05552
2.06325
1.97775
1.99138
1.96844
1.95523
2.05576
2.06473
1.99503
2.00314
1.92639
1.95153
1.96848
2.03479
1.94384
2.04277
2.06464
2.02791
2.02657
2.02188
1.99627
2.01705
1.95208
1.89762
1.94845
2.02111
2.01916
1.94449
1.99123
2.05255
1.92735
2.06261
1.99906
2.06676
1.98977
1.95591
2.0284
1.99792
1.98891
1.98576
1.98492
1.93593
1.99621
1.95275
1.96008
1.96099
1.99023
2.01586
2.00821
2.04762
1.95947
2.017
1.99449
1.99731
1.96925
1.99595
1.93824
1.895
2.05004
2.0265
2.0033
2.05154
2.06016
1.93146
1.95598
2.05915
2.03439
1.93772
2.01284
2.02691
1.95653
2.02983
1.97535
2.06433
2.07291
2.04107
2.0553
1.91891
2.02655
1.97791
2.07541
1.9777
2.00924
2.03694
1.9988
1.95006
1.95329
2.01797
2.08631
2.03902
1.97199
2.00443
1.92901
1.96626
2.00908
2.00483
1.97422
1.94254
1.94394
1.99299
2.06925
1.97781
2.0445
1.95234
2.04377
2.02013
2.00011
2.0178
2.03134
1.97679
2.00546
1.99021
2.21262
1.98174
1.9528
1.96586
2.00444
2.06337
2.02256
1.9587
2.0105
1.97964
1.99958
1.98823
1.98544
1.97577
2.0173
1.94667
1.95121
1.96519
1.9761
2.02415
2.01709
2.03955
1.92917
2.05617
2.04264
1.9769
1.94445
1.96424
2.07539
1.9856
2.04349
2.04079
2.07559
2.00864
1.94947
1.9765
2.01881
2.04361
2.02022
1.97739
1.94671
2.01277
1.96122
1.97188
2.0214
2.01354
2.02123
1.98973
1.98688
2.06663
2.03447
1.98965
2.0098
2.02934
2.07244
1.9923
1.93021
1.96688
1.97724
2.00551
1.88889
1.95352
1.98659
2.0225
1.96582
1.95878
1.95855
2.04132
1.99359
2.03349
2.09674
1.95783
2.07599
1.96844
1.97969
2.05012
2.02613
2.0469
1.91865
1.97527
1.9297
1.93356
2.04095
2.01823
1.99758
1.94005
1.97825
1.99207
1.92919
1.99619
1.99802
1.9885
1.94873
1.99897
2.01396
2.01086
1.95879
2.02514
2.02312
2.02234
2.01843
2.02922
2.00419
1.97274
2.03903
2.02725
2.01392
2.11475
1.98945
1.97016
2.05041
2.10052
1.97354
2.00173
1.97633
1.97339
1.99617
2.00252
1.99362
1.98439
1.99577
2.05826
2.04738
2.00655
1.94624
2.07144
2.0678
1.9777
2.05881
2.0181
1.98543
1.99475
1.96892
2.00876
1.9832
1.98413
1.99681
2.05692
1.96617
1.98382
2.05145
2.00232
2.08903
2.04716
2.00098
2.04643
2.03839
1.96883
1.98824
1.89981
1.97065
2.05183
2.05342
2.00138
1.93775
2.05937
2.0525
1.99749
1.9891
1.96476
2.01359
1.99866
1.95656
2.01056
2.02226
2.00105
2.01054
1.98863
2.01544
2.04261
2.02876
2.02419
2.0684
1.92934
1.96935
1.97745
1.93301
2.02252
2.0925
2.04819
1.97875
2.02867
2.01003
2.00724
1.9819
2.07656
1.9697
2.07775
2.08193
2.05358
2.01688
2.09924
2.01131
1.98655
1.94356
2.04458
2.05106
2.02118
2.02691
1.95869
1.99085
1.99398
1.94666
2.10151
1.96685
2.00057
2.00484
1.99492
1.98028
2.03962
1.93041
1.97782
2.05369
1.99825
2.04858
1.93819
2.05408
2.00344
1.99705
2.06419
2.01509
2.03905
1.98447
1.95867
1.98002
1.99337
2.05866
2.00644
1.97823
2.02169
1.9459
1.99481
2.05964
1.9479
2.02175
2.01521
1.96077
1.98608
2.04336
1.99235
2.05451
1.932
2.03311
2.06702
1.97211
1.96047
2.04306
1.96679
1.93735
2.04366
2.05013
2.02953
2.02658
2.00479
1.98891
1.99796
2.01308
2.0264
2.12441
1.95624
1.99598
2.01664
2.02716
2.0231
1.96329
2.00743
2.007
2.04778
2.00486
2.16486
2.04669
2.0194
1.90663
1.95491
2.0195
1.98975
1.96687
2.04566
2.02901
1.93328
2.02203
2.02926
2.05473
2.0131
1.9812
1.95811
1.97951
1.93923
1.99484
1.9838
1.98681
2.00849
1.92487
2.02998
2.0107
1.99357
2.00246
2.03831
1.94147
2.00491
2.03972
2.00029
2.02991
1.98267
2.04347
1.97499
2.03839
1.96688
1.98909
2.05592
1.9111
1.9671
1.99445
1.90902
2.01619
2.0906
1.92674
1.99462
2.01305
1.97189
2.01283
2.00826
1.92842
2.02417
1.89518
2.01017
2.05837
1.93709
1.99238
1.97404
2.00933
1.99574
2.03949
1.99664
2.00058
1.97425
2.04074
1.96449
2.01763
1.97796
2.02879
1.93655
1.99727
1.95339
2.02049
1.98645
1.99328
2.04488
1.91373
2.0707
1.94814
2.01965
2.02182
2.04701
2.02682
1.9779
2.01435
2.04362
2.04495
1.98421
1.94359
2.02029
1.98032
1.90379
1.99632
2.02447
1.94824
2.0144
2.02616
2.03262
2.036
1.9734
2.07831
1.9762
1.99781
2.03644
1.91436
1.98363
1.93332
1.98517
1.9801
1.92333
1.99201
1.99606
1.92512
1.99096
2.0645
2.03045
2.00391
2.08442
2.06963
2.04489
2.04071
1.98167
1.99969
2.03782
2.02463
2.00823
1.94068
1.97355
2.0664
2.1207
2.02478
2.04519
1.94995
1.98447
1.96212
2.06875
2.03031
2.00359
1.96738
2.02631
1.8813
1.99191
1.89607
1.99871
2.06672
1.9506
2.01032
1.96718
2.02586
1.93333
1.98942
1.91175
2.02522
1.94264
2.04757
1.98662
2.03932
2.03569
2.00145
2.04512
1.99617
1.95651
1.971
1.93311
2.00741
1.94449
1.99445
2.00237
2.02715
2.03723
2.0352
2.00401
1.93973
2.00067
2.07112
1.97079
2.02651
2.0277
2.03238
1.99701
1.99658
1.98748
1.99826
1.94091
1.96461
1.99169
1.95234
1.92795
2.01842
1.96741
1.99639
1.96692
2.04562
2.07409
1.96575
2.06003
2.03614
1.9955
2.00727
1.95609
1.98785
2.01182
2.01203
1.96812
1.96008
2.02997
2.01249
1.99011
2.0338
2.02789
2.00111
1.95809
2.08159
1.93508
1.97769
2.00126
1.97167
1.98423
2.06257
2.03815
1.976
1.94712
1.9597
1.98297
1.9605
1.93645
1.90092
2.0715
1.98713
2.04582
2.00869
1.99717
2.01065
1.98152
1.96678
2.0522
1.94
1.96661
1.97241
1.97731
1.97605
1.95566
1.99494
2.03617
1.99849
1.99387
1.95087
2.02854
2.00803
2.04096
1.90943
1.9864
1.95825
2.01471
1.98293
2.01921
2.00174
2.09025
2.04937
2.0301
2.00163
