2.0182
2.00402
2.04039
2.05544
1.99725
2.00267
1.94426
1.9839
2.05465
1.99956
2.02296
2.03547
1.97699
1.98615
1.97993
1.97434
2.02428
1.97777
2.00355
1.97457
2.00484
2.01231
1.99804
2.01365
1.94993
2.04269
1.93981
1.95209
2.01302
1.96337
1.96989
2.00087
2.00692
1.96839
2.02105
1.98981
2.03088
1.98256
1.99114
2.02763
2.01872
1.95565
2.04002
2.00149
2.02924
1.96171
2.01172
2.03329
2.00403
2.04411
2.00381
1.98053
1.9949
1.98042
1.96355
1.96998
1.99832
1.97526
2.02504
1.9799
1.97231
1.99486
1.97127
1.96189
1.98023
1.99371
1.99093
1.9683
2.05369
1.99323
1.9794
2.01201
1.96687
1.97599
2.00364
1.97598
2.01897
2.06776
1.97454
2.001
1.97364
2.00877
2.10333
1.99799
2.03419
2.01479
2.00645
1.93489
1.99575
1.98134
2.02562
1.98249
1.98333
1.96902
1.95966
1.9459
2.02423
2.00877
2.01003
2.0042
1.9462
2.00172
1.99124
2.03742
1.97557
2.03207
2.01978
2.00524
1.94279
2.03081
2.02786
1.96114
1.9996
1.95419
1.93549
2.01399
1.95919
1.99326
2.02734
2.02313
2.03713
1.97627
1.95564
1.97156
2.02916
1.99875
1.96095
1.98526
2.01244
1.9671
1.98896
2.02281
2.02438
1.99586
1.9981
1.98072
2.02422
2.00758
2.02706
1.9567
1.98934
1.94977
1.97136
2.02313
1.93579
1.96573
2.02454
2.00087
2.02297
2.00085
2.01322
2.03791
2.01733
1.97559
1.96008
1.97208
2.03042
1.96295
2.00067
1.98585
2.02223
2.03813
1.99959
1.99644
1.99211
2.00991
1.95573
1.951
2.04326
2.02018
1.99714
1.98123
2.01671
2.0088
1.97653
2.00159
1.94222
1.98965
2.00666
2.04817
1.95301
1.98342
1.93952
2.01909
1.94027
1.94626
2.008
2.01353
1.98532
2.07454
2.03929
1.99197
2.05933
1.99917
2.01666
2.01568
1.99396
1.98743
1.95523
2.06247
2.02302
1.99964
2.01952
2.0412
1.96898
1.93714
1.9931
1.98037
1.96482
1.96219
2.04443
2.01889
1.97684
1.96628
1.97175
1.98919
1.97509
2.04726
1.92023
2.00316
2.01459
1.98294
2.01594
1.99477
2.03898
2.04204
2.07133
2.01413
1.93241
2.03676
2.08369
2.03589
1.98521
2.00389
1.96991
1.95429
2.00681
1.99906
1.98724
2.05433
1.96218
2.01166
2.02277
1.97628
2.01026
2.03622
2.01188
2.0011
1.99706
2.02108
1.98712
2.05429
1.99574
2.02565
1.99965
1.98362
2.03297
1.97549
1.96275
2.01619
2.03037
1.99605
1.98004
2.01571
2.05015
2.0294
2.01114
2.0172
2.02652
1.97593
1.9841
1.99722
1.96531
2.021
2.00132
1.98569
2.00665
1.96729
2.02267
2.06253
2.01924
1.9929
1.94671
1.99257
2.02243
1.97118
2.04064
2.02452
1.97348
1.96853
2.0336
1.91996
2.00709
2.04549
1.97666
2.01372
2.01618
2.00527
1.96634
1.97848
2.05987
2.02708
1.97524
1.97649
1.94182
1.98883
1.97144
1.98922
2.01677
1.99003
1.97484
1.97165
2.05082
1.9719
2.02746
2.03862
2.01466
1.95011
2.0169
1.99778
2.03759
2.01331
2.0559
2.00533
2.03152
2.00285
1.99768
2.01059
2.01954
1.97945
2.04014
2.01106
2.03105
1.99617
1.9596
2.0108
2.09564
1.99337
1.98366
2.03569
2.01761
2.01166
1.99639
2.05157
1.97609
2.03615
2.02941
1.94704
2.01288
1.89049
1.96243
2.02262
2.03447
1.98107
1.98348
2.02724
1.98004
2.01246
1.98037
1.98364
1.95632
2.00958
2.05075
2.00474
2.03136
2.02894
2.04033
1.92925
1.96654
1.97594
1.9979
2.00097
1.99878
1.99194
2.07016
2.00877
1.95897
2.01281
2.01708
1.93005
1.99112
1.99293
2.01312
1.95409
1.97979
1.99545
1.97919
2.01398
2.00388
2.04009
1.97539
2.01726
1.99224
1.97262
2.04834
1.98737
2.00882
2.0309
2.03051
2.04328
2.01075
1.99874
2.06297
1.96217
1.96575
2.0105
2.01488
2.00052
2.01625
2.04619
2.06317
2.00359
2.00414
2.00472
2.00521
1.94759
2.0242
1.97905
2.05486
1.97588
1.98313
2.03564
1.99891
1.97693
2.01016
1.945
2.00339
2.00577
1.99664
1.97698
2.01978
1.96614
1.99544
2.00522
2.01711
1.98778
1.99359
2.00404
1.99842
1.97157
2.03773
2.00679
2.01621
1.99646
1.96999
2.02998
2.0338
1.92755
2.04141
2.03037
1.97573
2.00041
1.99373
2.01823
2.03688
1.9767
1.95352
2.06537
2.01032
2.00141
2.04396
1.9883
2.0438
2.00241
1.98122
2.01198
2.04229
2.03076
1.97387
1.98958
2.00825
1.96618
2.03058
2.04165
1.99801
2.02326
1.95093
2.02972
2.01485
1.99971
1.98419
1.96843
1.9916
2.04665
1.9937
1.9536
1.96223
1.8992
2.02049
1.99059
2.01108
1.95423
2.00365
2.0267
2.03661
1.98979
1.99861
2.01151
2.00061
2.01998
2.05895
2.03832
1.99128
2.01309
1.97468
2.01104
2.02333
2.00239
1.96969
2.00793
1.97996
2.01701
2.00808
1.99847
1.97347
2.0387
1.98798
2.01839
2.028
1.99787
2.00526
1.91648
1.98163
2.01533
2.00629
2.04501
2.01638
2.04627
2.03889
1.96297
2.04536
1.95261
1.97444
1.98834
2.01746
1.97547
2.02462
2.01061
2.00483
1.9181
1.98971
2.04103
2.02026
2.06766
2.0147
1.9867
1.97753
2.02677
1.98308
2.02245
2.01341
2.01171
1.97749
1.99678
1.93184
2.04555
2.00174
1.98987
2.02384
2.06978
2.03555
2.02825
1.9552
1.97143
2.02115
1.97642
2.00319
2.01348
1.98034
2.02321
1.97998
1.9417
1.97156
2.02985
1.99459
2.01759
1.96167
2.02216
1.98285
1.99119
2.04223
2.03369
1.97805
2.03029
2.03223
1.95938
2.01422
2.02183
2.00618
2.01372
1.96965
2.02693
1.99428
2.02026
1.99598
2.02768
1.96043
1.9916
1.98869
2.02215
1.9893
2.02636
2.00486
2.03745
1.95997
1.95345
1.98907
2.02302
1.95798
2.03104
1.97342
1.98499
2.02086
1.97674
1.9912
2.04095
1.99363
1.99065
1.9685
2.04026
1.97562
2.03363
2.03709
2.02253
2.03415
2.00534
2.00763
2.01504
1.98036
1.97074
1.96578
2.01604
2.02666
1.98605
1.99675
1.94687
2.02812
1.95745
1.99292
1.98482
1.9742
2.06243
2.04012
2.01771
2.01063
1.95601
2.01655
2.00212
2.03325
1.97475
2.05607
1.97351
1.99571
1.99245
2.00918
2.03766
1.95166
1.97219
1.9743
2.04991
1.96677
1.96004
2.06267
2.06411
1.971
1.99321
1.98567
2.00958
1.98586
1.95625
2.03296
1.99247
1.96543
1.97561
2.01925
2.0016
2.02778
1.95514
2.05715
1.94311
2.01211
2.03452
2.03039
2.01127
1.97611
2.00155
1.989
2.0181
2.02519
2.01716
2.00033
1.98526
1.99204
2.0159
2.04003
2.0428
1.99524
2.06967
1.97085
1.98239
1.94977
1.99024
2.03506
1.98436
1.98826
1.99792
2.03328
2.04289
1.99325
1.94611
1.96989
2.05463
2.01118
2.0361
1.97376
1.98404
1.99218
1.93834
2.00562
2.03002
1.95249
1.96587
2.03651
1.98211
2.00814
1.96824
1.95496
2.02916
1.999
1.9825
2.01943
1.95655
2.00917
2.03938
2.05017
1.96507
1.98267
2.10588
1.94617
2.06085
1.99006
1.97189
2.03935
1.96852
2.01832
2.00351
1.98812
2.01564
1.99832
2.00395
2.00191
1.99569
1.99838
2.02761
2.03717
2.00234
1.99906
1.99923
2.00679
1.96387
1.96518
1.99173
2.02813
1.97698
1.95637
1.98741
2.0085
2.01465
1.97787
2.01744
2.016
1.93668
1.93795
1.94354
1.96859
1.97051
2.05519
2.01015
1.99616
1.92581
2.00372
2.05194
2.0082
2.01003
1.97766
1.9894
2.02256
2.00983
2.02332
2.01261
1.99768
2.07063
1.99793
1.97695
2.01848
1.96948
2.03334
2.01686
2.0087
1.98735
2.01148
2.01936
1.93946
2.03559
1.99729
2.00659
2.04302
1.99675
1.98278
2.01935
1.98786
1.99853
1.95788
1.99301
2.0308
2.03099
1.96328
2.00194
1.95078
2.00084
2.03188
2.01567
2.02301
1.98689
2.02032
1.9742
1.99623
2.00784
2.03191
2.0478
2.00989
2.03899
2.00152
1.9592
2.00517
1.98915
1.99992
2.0032
1.97064
1.99677
2.05359
2.03719
2.03097
2.01841
2.04085
2.01912
1.98762
1.96183
2.01106
1.9762
1.98917
1.98375
1.99
1.97537
1.98775
2.00973
2.02328
2.04517
2.0198
1.9641
2.00287
2.00975
2.00878
2.02347
2.02758
1.9761
1.99512
2.00867
1.99767
1.95531
2.0214
1.97045
1.99982
1.98993
2.03131
1.99827
2.03105
2.02836
1.983
1.97852
2.00355
2.05491
1.97766
1.99731
1.99761
1.9663
2.03048
2.01658
1.9979
2.0164
1.97025
2.03559
2.00072
1.97405
1.95678
2.0498
1.97607
2.03809
2.01579
2.02342
1.98713
2.02577
2.07856
1.9886
1.9921
1.97038
1.95846
2.01453
1.98393
1.96391
1.92525
2.04095
2.02696
1.97864
2.04833
2.00531
1.98638
2.02133
2.03676
1.93729
2.02389
2.03429
1.99573
1.99977
1.9726
2.03172
1.97177
1.96659
2.02855
2.00451
2.02942
1.93382
1.99727
1.99852
2.00941
2.0152
1.95984
1.99142
1.99884
2.01054
2.02261
1.98617
2.02888
1.99082
2.01798
1.97584
1.98908
2.00444
2.01877
2.03076
2.00999
2.04234
2.03813
1.98989
1.94701
2.05992
1.95428
2.00773
2.01683
2.00804
1.99403
1.99301
1.96119
1.98186
2.031
1.9758
2.00843
2.04187
1.98821
1.9844
2.03161
2.03558
1.92887
1.95263
2.01546
2.04083
2.01527
1.98383
2.02313
1.97239
1.95559
2.02487
1.96124
1.99303
2.03558
2.00361
1.99204
2.01279
1.98039
2.01999
1.97017
2.00917
2.01743
1.99542
1.96575
2.00658
2.0021
2.02526
1.96237
1.9744
1.97862
1.9641
1.98961
1.97636
2.02916
1.95152
2.0089
2.03119
1.949
2.0052
1.99743
2.0619
2.05003
1.9721
1.98556
2.00358
1.97566
2.05612
2.01343
2.03969
2.01439
1.9791
2.02708
2.01913
1.95123
1.99622
2.01748
2.043
1.97523
1.96234
1.96762
2.0421
2.01215
2.04722
1.97008
1.99171
1.96019
1.97087
1.97914
2.01713
2.01187
1.99289
1.97998
2.02765
2.01222
1.98161
1.99513
1.98413
2.00187
2.02535
1.9393
2.01012
2.01524
1.9986
2.0213
1.97006
1.95943
1.99226
1.99747
2.029
2.0395
1.95777
1.99691
2.0195
2.03948
1.95286
1.95045
1.96952
2.00294
1.99418
2.04361
1.97927
1.97796
2.0125
1.98775
2.04562
2.03168
2.00719
1.96297
1.9823
2.00978
1.99391
1.97737
2.01773
2.02063
1.98637
1.97508
2.02096
1.98139
1.93703
2.00482
2.02514
1.98784
2.0041
2.03377
1.98651
2.01938
1.96561
2.00339
2.03772
2.00367
1.97321
2.00174
2.00352
2.0017
2.02193
2.01115
1.99938
2.02087
2.00773
2.03291
2.01318
2.03979
1.9743
1.9798
2.01477
1.95663
2.06829
1.98807
2.03515
2.01117
1.96974
1.9703
1.95319
2.04302
2.03244
1.99482
1.98476
2.00528
2.00966
1.99611
2.00905
2.01258
2.02886
2.00106
1.98305
2.00197
2.01376
2.0036
1.97688
2.04775
1.98214
2.0095
1.97733
1.97069
2.04713
2.0467
2.05535
1.97387
1.95499
1.94681
1.95034
2.01179
2.02929
1.97729
2.01653
2.03284
2.01648
2.01915
1.952
1.99616
2.05329
2.03545
1.9817
1.97105
1.97834
1.98141
1.97007
2.03973
2.01065
1.94523
1.99849
2.02515
1.98131
2.00263
1.99401
2.00464
1.96735
1.999
1.99199
1.94577
2.00646
1.98879
2.00721
1.97349
1.96328
2.02851
1.98136
2.0011
2.01704
1.98045
1.99805
2.04576
2.02035
1.99152
2.02579
2.03085
2.03861
1.99391
1.98073
1.97247
2.01101
2.032
1.9879
1.97007
2.00093
2.01318
1.95701
2.02929
1.99444
2.00579
2.01089
1.9908
2.03011
2.02776
2.01459
2.00705
1.93202
2.01418
1.9981
2.10309
2.02047
1.98826
2.09292
2.01783
2.00437
2.00548
2.01125
1.97877
2.01715
2.01933
1.97947
1.98951
1.97304
2.00364
2.04046
2.015
2.02281
2.01761
1.94513
2.01997
1.97683
1.99225
2.02004
2.04265
2.01656
2.01788
1.99054
2.05668
2.02292
1.98254
1.96789
2.01134
2.03499
2.02411
1.99017
2.01105
1.95688
2.04264
1.94656
2.00793
2.02713
2.00124
2.03332
2.06647
1.98915
1.9652
2.01459
2.0223
1.96011
2.00044
1.94272
1.96483
1.97555
1.99752
1.99928
2.01821
1.96992
2.00573
1.9824
2.02886
2.00394
1.98538
1.95118
2.0369
2.0078
2.02032
2.01878
2.02137
1.96522
2.0044
2.00695
1.9826
1.99129
1.95874
2.00462
1.97193
1.98235
1.9767
1.9948
1.9843
2.0351
1.961
1.97002
1.9934
1.97351
1.95125
2.00273
1.98301
1.94611
2.03745
2.04414
2.0112
2.03396
1.98647
2.02463
2.02189
1.9883
2.00656
1.91454
1.93376
1.97888
1.99325
2.01521
1.98175
2.00883
2.00591
1.98493
2.03698
2.00934
2.00589
2.00395
2.0289
1.98749
1.99318
1.99862
1.99521
1.98803
2.03381
1.99756
2.02162
2.03715
1.95285
1.96825
1.99727
1.96588
1.9949
2.00416
1.98355
1.99765
1.99248
2.03365
1.99248
1.99327
1.99027
2.0072
1.98651
2.00994
1.9738
1.94513
2.03838
1.99241
1.96653
1.98226
2.00064
1.99294
1.97132
1.99531
2.01767
2.0357
2.01778
2.00856
2.08043
1.99646
1.99175
1.97722
2.05177
2.04743
1.94921
1.97077
2.02725
2.01382
2.01013
2.01832
2.00389
1.96959
2.02338
2.03273
2.02445
2.02927
1.94431
2.00184
2.00043
2.0081
2.00224
1.97721
1.99107
2.01653
1.98148
2.0004
1.96605
1.99744
2.00014
2.01878
1.96918
1.99483
2.06064
1.9731
1.98791
2.05964
2.04133
1.976
1.98339
2.00187
2.06055
1.98589
2.00333
1.97367
2.01164
1.96877
1.96969
1.95887
1.99287
2.03804
1.97831
1.97535
1.98477
1.96415
1.95714
2.02528
1.99928
2.01026
1.9824
1.97063
2.03414
1.99786
2.01758
1.976
1.96489
2.01121
1.99591
1.96955
1.97726
2.03835
2.03795
1.96307
1.97195
1.99898
1.98452
2.02804
1.96056
1.98342
1.99304
2.00347
2.01164
1.98824
2.02302
1.99514
1.98991
2.01771
2.0291
1.99562
2.04763
2.00214
2.01225
2.05893
2.00059
2.03667
2.0516
2.01662
2.05114
2.00819
1.97932
2.00827
2.00834
1.98953
1.96194
1.96609
1.9606
1.9253
2.01014
2.05438
1.99754
1.96608
1.99879
2.05766
2.04292
1.99898
2.0021
1.97622
1.96608
1.98327
2.00953
1.99669
2.00816
1.99119
2.01389
2.05232
1.99381
1.99721
1.95147
2.03024
1.98121
2.00157
1.91069
1.96015
1.99216
1.94205
1.99486
1.98937
1.99887
2.03876
2.05699
2.004
1.97956
1.98929
2.04949
1.97489
1.95828
2.02308
1.98737
2.0139
1.96536
2.02641
1.99786
1.99373
2.04795
1.9865
1.99876
2.01329
2.0481
2.0016
1.98816
2.00209
1.98589
2.01321
2.04613
2.01151
2.02866
2.01696
1.98639
2.02994
1.96399
2.0012
2.01464
1.95434
1.98867
1.97738
1.98525
2.00031
2.00841
2.07971
1.98692
2.06898
1.96385
2.06081
2.0082
2.04141
2.01033
2.02256
1.95313
2.06159
1.98987
1.93614
2.00282
1.98406
2.00483
1.97348
2.0105
1.97465
1.99226
2.05984
1.9888
2.05292
2.02042
1.98764
2.01458
1.98479
1.97637
2.04114
1.96403
2.00083
2.05066
1.96213
2.04386
2.0112
2.05063
2.00239
1.99862
1.99087
1.99806
1.98316
2.00853
2.02374
2.02603
2.02308
1.98257
2.06202
1.9587
1.98459
2.00437
1.99045
2.03182
1.99403
2.02974
2.01617
2.00777
1.98299
1.98697
1.93451
1.97904
2.00399
1.97009
2.03236
2.04206
1.94124
2.03619
1.98066
1.99119
1.96259
2.04413
2.01951
1.9878
1.96341
1.99257
1.95228
1.991
1.98851
2.02243
1.98246
2.06484
2.04573
1.99625
2.02872
1.9934
2.02799
1.96924
1.97462
2.01864
2.02557
2.03157
2.00305
1.98997
2.05683
1.99611
2.03212
2.00315
2.00782
2.03672
2.02918
1.96977
1.96888
1.9491
2.06123
1.99543
2.0137
1.9873
2.02913
2.0289
2.04418
2.02118
1.99293
1.99201
2.0348
2.03357
1.98586
2.03498
1.98313
2.01424
1.9761
2.01512
2.00791
2.01106
2.02311
2.0012
2.03743
1.98645
1.94774
2.01719
2.06072
2.0575
1.99048
1.98085
2.00453
2.03326
2.02796
2.01729
2.06401
1.99191
1.94713
1.99019
1.97639
1.99705
2.0222
1.98922
2.00264
1.99789
2.00263
1.99119
1.96922
2.04544
2.07111
2.0093
1.96669
1.98572
1.97323
1.9768
2.00549
1.95795
1.9967
2.00888
1.9884
1.99913
1.99805
2.02369
1.99747
2.00513
2.0184
2.00999
2.01727
1.95853
2.03536
2.02794
1.97294
2.04525
2.00266
2.00639
2.01235
1.93565
2.04481
2.00513
2.01784
2.03653
1.98792
1.9981
2.01186
1.98009
1.96358
1.93588
2.02292
1.98498
2.024
2.01058
2.00642
2.00075
1.93584
2.06316
2.02945
1.99003
2.01618
2.00368
1.97045
2.0103
2.00216
2.0251
1.99696
1.9945
2.04176
2.04891
1.97566
1.99132
1.98969
2.00336
1.99442
2.04144
2.01206
2.03071
2.01524
1.9896
1.9566
2.05766
1.99422
1.99763
2.01676
2.03827
2.04776
2.0676
1.93176
1.97241
2.03825
2.01978
2.02757
2.05373
1.97883
2.03352
1.94006
1.97711
2.00627
2.03283
2.01106
2.02206
2.01862
2.02092
2.01591
1.98857
1.92657
2.04325
1.97134
1.95471
1.9751
1.96425
1.98582
2.09247
1.97655
1.99275
1.96103
1.99331
1.9889
1.97733
1.96883
1.9726
2.05606
2.04491
1.93882
2.04239
2.05034
1.96163
2.00234
1.98706
1.9615
1.92955
2.07745
1.97706
2.01251
2.01801
2.01586
1.95981
2.01917
2.03196
2.03132
1.96744
1.97777
2.00752
2.01996
2.0132
1.95819
2.03308
1.96297
2.01411
1.98052
1.99581
1.94386
1.98201
2.00544
1.97278
2.05286
1.98564
2.01522
1.9944
1.99836
1.98348
2.02988
1.99244
2.01877
2.00487
1.96762
1.99941
2.02037
1.989
2.00726
1.96326
2.02605
2.00857
2.01425
1.97917
1.99404
1.96657
2.01811
1.99458
2.00075
2.00036
1.99438
1.98838
1.98205
2.01998
1.99261
1.97474
1.94445
2.0059
2.03612
2.01689
1.98292
1.96655
1.99642
2.02931
1.96344
2.0177
1.99896
1.98577
1.98517
1.99477
1.98981
1.97262
1.99866
2.06627
1.98233
2.00843
2.02171
2.00115
1.9794
2.01346
1.99916
2.03446
1.99324
2.02101
1.96562
1.98831
1.98162
1.99665
2.0345
2.03626
2.02227
2.00253
1.93088
2.01274
2.00905
2.01185
2.01285
2.04367
1.99239
2.01307
1.97704
2.02633
1.96759
2.01832
1.93249
1.97412
1.99469
1.97542
2.02859
2.01632
2.0307
1.97412
1.98557
1.95313
1.98364
1.97559
1.99463
2.00903
2.00395
1.99904
2.01174
2.01339
1.99727
2.03673
2.02567
2.02777
1.98362
2.02366
2.00545
2.0339
2.05565
1.98786
2.00539
2.04231
2.00932
1.9709
1.9767
2.01857
1.99156
1.97724
2.01088
2.04324
1.98149
2.0187
2.04196
2.02944
1.97821
2.00616
2.02163
2.003
2.04254
1.92743
2.03125
2.04466
2.02276
1.98047
2.00626
1.97576
1.99242
2.0061
2.02001
2.01501
1.98172
2.02068
2.01044
2.0231
1.97545
1.9845
1.97864
1.98711
1.9999
1.99296
2.01131
1.98071
2.0105
2.10834
1.99999
2.02785
1.9554
1.96457
1.97965
2.03529
1.96432
1.9779
2.03643
1.98542
1.95732
2.05088
1.96406
2.0124
1.98417
1.99512
2.03245
2.05649
2.05702
2.02862
2.02684
1.97798
2.03733
2.02834
1.98949
2.06583
1.97535
2.02859
2.04364
2.0221
2.01041
1.97996
2.05411
2.0322
1.95364
1.95966
2.00733
2.00897
1.95325
1.99347
2.03888
1.96742
1.94499
1.96926
2.02674
1.97307
1.98365
1.95849
2.05351
1.99042
1.99385
2.0151
2.00531
2.02162
1.97804
2.00404
2.01819
2.02005
1.98323
2.01476
1.98212
1.89682
1.96484
1.99955
2.01259
1.97042
2.00455
1.98958
1.96641
1.99216
1.99242
1.99666
1.97364
1.99305
2.04388
1.93909
1.96455
1.97603
2.00596
1.99946
1.97618
2.01607
2.01993
2.01262
2.02028
1.99737
2.0254
2.00976
2.0199
1.9705
2.03704
2.03728
1.97506
1.97054
1.98006
1.95077
1.99224
1.95423
1.98102
1.95944
2.00861
2.04506
2.01122
1.94149
1.98777
2.03128
2.02866
1.98571
2.00348
2.03246
1.95313
1.91826
2.0397
1.98816
1.97799
1.92248
1.98622
2.05874
1.98705
2.01174
1.9925
1.99686
2.01726
1.99484
1.98393
1.96707
1.96782
1.99622
2.07688
2.00423
2.03291
1.96963
1.99298
1.99324
2.0402
2.0044
1.99571
1.99956
2.01033
1.98122
1.98535
1.98157
1.96627
1.99509
2.02798
2.0019
2.0016
1.99926
1.9492
2.02039
1.99035
1.99585
1.99342
2.0049
2.07521
2.00533
1.98288
2.00401
1.99691
1.98342
2.02219
1.96979
1.98425
1.96973
1.99083
1.96318
2.0239
1.94878
1.97791
2.00551
2.00258
2.00355
2.0445
2.03058
2.04397
1.99557
1.9984
2.02663
2.0076
2.0162
2.01637
1.98827
1.96717
1.99737
2.04202
1.99228
1.96965
2.01173
1.99893
2.04005
1.97441
2.0896
2.01348
2.00526
1.9926
2.01257
2.01027
2.02069
2.02318
1.9778
2.01638
1.97168
2.04664
2.0204
2.00761
2.00403
1.97488
2.02887
2.01456
1.97017
2.01376
1.98776
1.99228
2.04353
1.94283
1.9875
2.01408
2.03777
1.98728
1.9701
2.07157
2.02153
1.99665
1.93002
1.95849
2.00007
2.01467
2.0009
1.95616
2.01416
1.9307
2.0188
1.96892
2.04762
1.97385
1.99557
1.99326
1.99768
2.05758
2.03094
2.01103
2.04997
1.97124
1.97141
1.9839
1.9582
2.04069
2.03403
2.02074
2.00556
1.93975
1.98824
2.02767
1.99451
1.96307
1.96006
1.99098
2.0522
1.94164
1.99341
2.02513
2.01903
1.97073
1.97685
1.97476
2.00664
1.97209
1.94881
1.97613
2.03444
1.99125
1.98389
2.0104
1.97028
2.00556
2.03032
2.01728
1.98325
1.99785
1.97742
1.98365
2.00532
2.00801
2.01425
1.98909
2.01714
2.00382
1.99513
2.04992
2.01253
1.982
1.95519
1.94911
2.00336
2.00895
2.03055
1.95832
2.02832
2.00006
1.93822
2.01216
1.99181
2.07111
1.96466
1.99714
2.02608
2.02462
2.02742
1.98436
2.04179
2.02143
1.96751
2.02935
1.9722
1.98112
1.99947
1.97401
2.00109
1.9962
2.01979
1.99341
1.9965
1.99059
2.01096
2.03134
1.94451
1.9824
1.98989
2.00424
1.98716
1.96529
1.94766
1.97256
2.02543
1.97982
1.98427
1.9318
1.98995
1.98828
1.97266
2.01078
1.97181
2.06202
2.04972
2.01795
2.04603
1.98704
1.93439
1.99938
1.92868
1.99231
2.00171
2.01989
2.04928
2.06003
1.9635
1.97547
2.01802
2.04071
2.02361
2.01488
2.0041
1.9646
1.99812
2.0545
1.98259
1.93219
2.01518
2.01743
1.9768
2.01073
1.99663
1.98516
1.98684
1.9584
1.97739
1.95604
2.00544
2.00778
1.98633
1.9902
2.02795
2.0721
1.97344
1.91355
1.92722
1.99784
1.97172
1.9852
2.03178
1.95436
1.98848
1.96298
1.98407
2.04248
1.94237
1.9992
1.96081
2.02417
1.98692
2.03323
1.96205
2.02234
1.98804
2.04277
1.99345
1.94741
2.04946
1.99887
2.01377
1.94585
1.93655
1.95466
1.96604
1.99082
1.99648
2.00131
2.0124
2.05137
1.98073
2.0072
2.04014
2.02246
1.9787
2.02726
2.02097
2.02007
2.00476
1.97032
1.99662
2.02621
2.02117
2.00906
2.04145
1.99782
1.94876
2.02208
2.00745
1.98444
2.00635
1.99127
2.02706
1.99053
2.03335
2.00004
2.02884
1.98406
1.97157
1.98381
1.98568
1.99663
2.0067
2.00031
2.00306
2.01044
1.99978
2.04495
1.97701
1.99551
1.96782
2.03588
1.98505
1.94275
2.05664
1.94808
1.97895
2.00711
1.99062
2.00449
2.01082
2.03549
2.01
2.01573
2.00055
2.02433
2.02573
2.02426
1.95555
2.03066
2.00622
1.96398
1.96534
2.00317
1.96048
1.99431
1.97918
2.00197
1.98718
1.9791
1.98106
1.9694
1.99508
2.01488
1.97693
2.02614
1.96289
1.99029
1.96056
1.9802
1.99728
2.00671
2.01751
2.00633
1.98624
1.96065
1.982
2.00073
2.01853
2.03231
2.00718
2.03624
1.95713
2.0222
2.0763
2.01124
1.9637
1.99742
1.95733
2.03651
2.00552
1.9902
2.00126
1.99306
2.02468
1.99313
1.98732
2.00146
2.0244
2.05906
1.97551
1.99577
2.01632
2.0025
1.99618
1.98458
2.0196
2.00017
2.00249
1.94598
2.05729
2.08262
2.03305
1.97609
2.01254
2.05074
2.06067
2.0204
2.10869
1.95626
2.01222
2.00627
2.0138
2.01502
1.96821
2.06892
2.00339
1.98737
1.99677
1.98235
1.99077
2.01705
1.97774
2.01025
1.98964
2.03775
1.98855
1.98004
2.03881
1.92192
1.97888
1.98534
2.00308
1.99808
2.04437
1.99476
2.06425
1.99109
1.98279
2.00864
1.96554
1.9344
2.00081
2.01722
2.00847
2.03725
2.01249
1.96057
2.00681
1.96143
1.96967
1.95803
2.02385
2.00767
2.03522
1.98395
2.00251
2.00464
2.01665
2.01772
2.00168
2.02819
2.03586
2.02925
1.98637
2.00648
2.04574
1.98616
2.01863
1.96657
1.90796
1.97289
1.99133
2.00077
2.01463
1.99927
1.96311
2.03509
2.02366
1.9787
1.96021
1.98257
2.04008
2.01067
1.96515
2.01389
2.01496
2.03012
2.02684
2.03455
1.98455
1.9326
1.95182
2.0261
2.005
2.07244
2.01416
2.04762
1.979
1.95195
1.97316
1.94097
2.04886
2.05333
1.97369
1.99358
2.00856
1.92201
1.98652
2.00212
2.05787
2.01375
2.04121
2.00575
2.0082
1.99315
1.98417
2.03714
1.96065
1.99484
1.98723
2.00677
1.974
1.98604
2.04505
1.9767
1.96401
1.96698
2.00565
2.00203
2.01175
1.93137
2.01253
1.99448
1.99276
2.00436
1.98173
1.92385
2.00844
1.96529
1.9992
1.99323
2.02075
1.98443
1.97822
2.0171
2.00675
1.98708
1.94625
2.02134
1.94154
2.05874
1.96795
1.96357
1.99119
2.00904
2.04344
2.01069
1.93855
1.94521
1.98034
1.93751
1.89961
1.97352
2.02292
1.97159
1.99648
1.95684
2.02853
1.99732
1.98021
2.02803
2.02725
2.0157
2.04306
2.00955
2.04363
1.99583
2.03041
1.98831
1.98162
2.01199
1.98278
2.00438
2.01277
1.97936
2.01113
1.99247
2.00282
2.01396
1.96983
1.98085
2.09166
2.01405
1.99082
2.04138
2.03607
2.02585
2.04409
1.98968
2.03864
1.99029
1.97908
2.05835
2.0356
2.02455
1.97846
1.93581
1.96011
2.01602
1.95804
1.97524
2.01509
2.0257
2.01794
2.05077
1.98491
1.95845
2.06076
1.97286
2.01378
1.97623
1.95775
2.00135
2.02981
2.03074
2.01529
1.9965
1.98017
1.98981
1.98686
2.02015
2.02517
1.99838
2.0085
2.02505
1.96704
2.01355
1.96478
1.99019
2.03268
1.97435
2.00492
2.04881
1.98872
2.00851
2.02583
1.91547
1.97856
2.01158
2.02331
2.01773
1.99802
2.02316
1.99535
1.95641
2.0564
2.05189
2.04014
2.00095
1.99959
2.01198
1.98284
2.02581
1.96462
1.98409
1.96728
2.02061
2.00854
1.97518
1.99851
2.0232
1.96541
2.00567
2.01128
2.04898
2.03179
1.99069
2.01057
2.03906
2.00112
1.99334
2.03741
2.02519
1.9725
1.96986
2.03505
2.00228
2.02879
2.0141
1.96066
1.97305
2.01988
1.99301
2.02164
1.9924
1.93953
2.06697
2.07325
2.0193
2.03178
1.95411
1.93571
2.0087
2.03435
2.01828
1.99392
1.97916
2.02871
1.96604
2.03889
1.94412
2.00039
2.02251
2.04472
1.98523
1.96194
1.9754
1.97722
1.99864
1.96843
2.01937
2.02833
1.9831
1.9725
2.01333
1.97737
2.03678
1.95553
2.00024
2.00834
1.99192
2.00146
2.04835
1.99156
2.015
1.99206
1.98889
1.99563
2.04129
2.08275
1.9758
2.0367
1.94523
1.98919
1.98294
2.01087
1.94443
1.94631
2.01378
2.02375
1.98197
2.04306
2.03727
2.06214
2.0378
1.95103
2.02501
2.0222
2.02687
1.99864
1.96935
2.01154
1.96784
1.97559
2.02125
1.98559
1.9604
1.98722
2.01529
2.09169
1.98885
1.9821
1.99158
2.01994
2.04137
2.00618
2.00828
1.99918
1.99683
1.98556
1.99381
1.97475
1.97761
1.99387
2.02041
2.05577
2.0399
2.03172
1.98513
1.95237
1.97718
2.03257
2.02393
2.00098
1.95014
2.00504
1.96203
2.01334
2.02647
2.021
2.02813
1.97366
1.96406
2.00066
1.98594
1.99612
1.99655
2.03567
2.00389
1.98335
2.0228
2.02395
2.00112
1.949
1.99989
2.00325
1.98185
1.99913
1.99836
2.03114
1.99199
2.03208
1.98056
1.98116
1.9712
2.02965
2.03799
1.94946
2.00288
1.98245
2.02899
2.00165
2.09926
1.97884
1.9794
1.98513
2.0127
1.97532
2.02869
1.98682
2.0465
2.01392
1.95247
2.00296
1.96725
1.98047
1.98417
2.01676
1.97569
2.00852
2.02138
2.05179
1.97359
2.02339
1.96569
1.9906
2.03246
1.98602
1.95336
2.02935
2.03452
2.00848
2.00284
1.98752
1.96904
2.02393
2.02421
1.99632
2.05812
1.98586
1.96845
1.97212
2.04801
1.99911
2.01179
1.9646
2.00159
1.99785
1.97895
2.01799
1.95509
2.0537
2.02076
1.99853
1.92108
2.00298
1.97378
2.00056
2.02909
1.99141
2.00202
2.03643
2.01608
1.94638
2.03035
1.94088
1.97606
1.97325
1.94213
1.95882
2.02907
1.9974
1.98412
1.98225
1.97812
1.9404
2.04029
1.96357
2.03618
1.97418
2.02549
1.98419
2.03285
1.99703
1.93533
1.97561
2.0106
1.96877
2.05567
1.96035
1.96404
2.02279
2.00777
1.97353
2.03803
1.97973
2.02529
1.99198
2.01412
1.99322
1.95433
2.07457
2.02777
2.03104
2.00993
2.0725
1.96891
1.96443
1.99742
2.06921
2.03447
2.01946
2.02994
1.95249
2.0194
1.99076
1.98721
1.99455
2.03143
1.97575
1.9951
1.94922
1.98013
2.03926
1.98872
1.97659
1.94274
1.99518
1.96578
1.95781
1.99832
1.97055
1.99408
1.97199
1.9628
2.01882
1.96463
2.02369
1.95552
2.03684
2.03267
1.97462
2.05142
1.92312
1.96952
1.99546
1.98418
1.96127
2.01573
1.99649
1.92552
2.01949
2.01224
2.0227
2.0121
1.94916
1.99314
2.03594
1.96439
1.97217
2.05418
2.01019
1.99276
2.02574
1.98018
2.01456
1.98925
1.99104
1.98888
1.98284
2.03655
1.94075
2.00252
2.00881
2.02342
1.95251
1.92722
1.9867
2.08506
2.00625
2.01287
1.96943
1.93073
1.95954
1.91763
1.96972
2.00969
2.03997
1.96783
2.02366
1.97894
1.98805
2.03649
1.96544
1.99337
1.96877
2.00178
2.01211
2.05842
2.00069
1.99895
2.00515
2.00251
1.99935
2.04102
2.02234
2.05139
1.99485
2.01192
2.00787
2.01804
2.01742
2.03636
1.9831
1.99697
1.95168
2.02944
1.99144
1.97465
2.01885
2.00038
1.9845
2.0271
1.98598
1.96337
1.96498
2.02309
1.96589
2.01483
2.01229
2.02858
1.99396
2.01375
2.00589
1.99427
2.00451
2.00765
2.01748
1.96017
2.02221
1.99856
2.00938
1.96492
2.00508
1.94178
2
2.0154
1.91575
2.01565
2.04985
2.038
1.98694
2.03072
2.04907
2.02754
1.97157
1.97958
1.93124
2.04893
2.03428
2.01253
1.98497
1.98684
2.04614
1.98724
2.06348
2.03077
1.98199
2.00719
2.02321
2.01685
1.99396
2.02949
2.04018
2.01927
1.95499
2.00629
2.00229
1.9963
1.95825
2.02397
2.0067
2.03757
2.00915
2.04907
2.01427
1.95692
1.93829
1.96716
1.98781
2.05112
2.05098
2.04583
1.99233
1.95536
1.99263
1.96956
1.92887
2.01097
2.03392
1.97835
1.99817
2.01241
2.01336
2.0081
2.00608
2.0165
2.04515
2.02445
1.99774
2.02206
2.00659
2.02259
2.05703
2.02741
2.03258
1.9988
2.02547
2.01301
1.9544
1.96156
2.00283
2.03471
1.99909
2.05232
2.03731
1.97911
1.99997
1.96079
2.00181
1.98348
1.91607
2.02478
1.98319
1.96657
2.0269
2.02618
2.04783
2.0429
2.0013
2.01596
1.95459
1.99796
2.03508
1.96773
1.95376
1.95353
2.05366
2.06087
1.93505
1.98844
1.98809
2.0209
2.00579
2.02953
1.98291
1.97791
2.03359
1.98396
1.9503
1.96978
1.96817
1.98654
2.00463
2.04688
1.96739
2.01997
1.97881
2.02443
1.98788
2.02758
2.03316
2.02055
1.99105
1.99662
1.98044
2.02032
2.00431
1.96815
1.99062
1.99631
2.03205
1.98379
2.02541
1.96323
2.03691
1.98499
2.02417
1.99191
2.02991
1.99521
1.93034
2.00236
1.98291
2.01406
2.01223
1.97221
2.00946
2.03278
2.02995
1.99234
2.00578
2.04773
1.95698
2.00376
1.98733
2.05198
1.96585
1.9715
2.00356
2.05822
1.95675
2.03397
2.01473
1.99482
2.03779
1.99528
1.98689
1.94238
1.97643
2.04193
2.02481
1.98237
1.97547
1.95583
1.98988
2.02024
2.00784
2.04417
2.02845
2.03669
2.0226
1.99665
2.01494
1.99876
1.98896
2.01338
1.98715
1.93628
2.00425
2.02691
1.99907
2.00636
1.99048
2.03827
2.00025
1.98235
1.97429
2.01247
1.98073
2.00748
2.02018
2.02572
2.02789
1.95751
1.98016
2.05263
2.01628
2.01232
2.01712
2.04553
2.00434
1.94558
2.03959
1.98719
1.99688
1.97418
1.99126
1.98694
2.00606
1.97763
2.00712
1.99729
2.03933
2.01217
1.95254
1.93599
1.99833
2.03077
1.9972
2.01102
1.98517
1.94689
1.99434
1.99455
2.01802
2.05385
2.02742
2.03564
2.00311
1.9775
1.9936
1.97936
2.00092
1.99893
2.02067
1.99211
2.02562
2.00125
1.96029
2.03578
2.01151
1.99253
2.01935
2.05514
2.01019
2.01963
1.98628
2.00832
1.97791
1.96832
2.01159
2.00747
1.99194
2.05539
2.01823
2.00736
2.02828
2.036
1.9968
1.99875
1.99501
2.01092
1.98541
1.98135
1.99393
2.00593
1.99659
2.02793
1.98046
2.01976
2.0045
2.02267
1.99616
2.05371
2.04751
2.00684
2.05273
2.01343
2.01293
2.00891
1.99206
1.99021
2.00648
1.98709
1.9784
2.02842
1.95056
2.02676
2.0363
2.08102
2.01144
2.00425
2.04662
2.0137
1.98305
1.9061
1.99547
1.99235
2.03436
2.0393
1.99859
1.99067
2.0186
2.01094
2.0205
2.00699
1.97663
2.00745
2.02953
2.01031
2.00311
1.98332
1.97677
2.0586
2.00944
1.9543
1.96528
1.96229
1.9775
1.99133
1.98764
2.05658
1.96513
1.99906
1.94089
2.017
2.04229
2.00714
1.96235
2.00032
1.99726
2.0229
2.01336
2.00262
2.03142
2.00096
1.97119
2.00601
2.03464
1.97476
2.05271
2.04302
1.99484
2.00897
2.00171
2.00675
2.03507
1.96242
2.00976
1.98676
2.03314
1.99571
2.01977
2.01824
1.94554
1.94844
1.99616
2.01032
1.96853
1.98597
2.06926
1.97084
1.96672
2.05481
2.05252
1.99133
2.00109
2.05252
2.04436
1.9738
1.97027
2.02552
1.96876
1.99881
2.015
1.92695
1.98569
1.94974
2.01696
2.00626
1.99876
2.02816
2.00704
2.00444
1.98589
2.00832
2.01839
1.99824
2.00149
1.95291
2.00509
1.97937
1.95904
1.9991
2.01496
2.0086
1.98942
1.99509
2.01383
2.04129
2.02333
1.99087
2.02206
2.03529
1.95108
2.03193
1.98698
2.0264
1.96627
2.03235
2.02548
1.98785
2.03447
1.9886
1.98941
1.97926
2.01395
2.04339
2.01183
2.03318
1.99739
2.0045
1.97199
1.97459
2.00459
1.95439
1.99823
1.92914
1.99252
1.99909
2.01797
2.02447
2.00784
1.96186
2.0068
1.98255
1.99892
1.98209
1.95981
2.0434
1.90437
1.99859
2.03278
2.07321
2.03102
1.97517
1.97812
2.00746
1.91809
1.9969
1.96109
1.99287
1.98516
1.96831
2.00101
1.97052
2.03339
1.96155
1.92872
1.9437
2.0014
1.97502
2.00037
2.01102
2.03521
2.01359
2.00199
2.01447
1.98
1.98413
2.04431
1.96794
1.99592
1.98141
2.01196
2.0073
1.95432
1.96478
1.95851
2.0222
2.03174
1.96315
2.00411
2.04664
1.99488
2.04196
2.00466
1.99263
2.00398
1.957
1.95803
2.01448
2.01367
2.00367
1.97569
1.96793
2.04757
1.96823
2.00058
1.97137
2.0337
1.95529
2.03447
2.00405
2.00645
2.03026
1.99134
2.02622
1.98284
2.00159
2.00017
1.99764
1.98915
2.035
1.97789
2.0649
1.95287
2.02591
2.00657
2.02217
2.02099
2.02976
1.96168
1.94739
1.9816
1.99934
2.01357
1.97318
1.99074
1.97834
2.00993
1.99173
2.02193
1.96369
2.01267
2.0411
2.02382
1.99555
2.00853
2.01743
2.05912
1.97486
1.99161
2.03095
1.95677
2.01573
1.87887
1.98213
2.01447
1.94754
1.95191
2.05322
1.99744
2.01875
1.99026
1.95983
2.02604
1.95777
1.96524
2.00115
2.03456
1.99874
1.95632
1.98343
1.94787
2.04181
2.00426
2.01647
2.00966
2.01608
1.98717
2.03709
2.04831
2.02126
2.05068
1.99211
1.94364
2.04952
1.97058
1.99046
1.97971
2.00417
2.01875
2.03967
1.97491
2.02358
1.97342
1.99734
1.99336
1.96281
2.06235
2.03913
2.06158
1.94393
1.98231
1.99952
2.0579
2.02601
1.95966
2.00843
2.03281
2.04246
2.02736
1.98783
2.00033
1.94915
2.02234
1.98426
2.03321
1.98918
1.99497
1.95733
1.99925
1.99772
2.0385
1.96037
2.05232
2.00613
2.03707
2.01808
2.01813
1.947
1.97847
1.98465
1.953
2.02848
1.97897
2.02101
2.00683
1.97231
1.96648
2.03598
2.04632
1.9085
2.02556
1.97931
2.00206
1.994
1.98008
2.03405
1.97484
1.98223
2.0211
1.99855
1.98108
2.05715
1.98841
1.98868
2.00444
1.96544
1.97303
2.08502
2.00081
2.03487
2.05082
1.96946
2.00846
2.0184
1.96213
2.01148
2.023
1.96637
1.98076
1.98014
1.92898
1.94952
2.03475
2.0243
1.98441
1.99657
1.95579
2.02126
2.02491
1.99854
1.99057
2.02418
1.9357
2.01092
1.99816
1.9335
2.00296
1.93147
1.95383
2.0245
1.95837
2.00196
2.00224
2.01387
1.99442
2.03939
1.97123
2.03004
2.00559
2.03475
1.99667
1.94766
1.98839
2.06237
1.98597
2.03664
1.99684
2.00589
1.97286
1.94479
1.98899
1.9643
2.0202
1.96515
1.97991
1.94837
1.94292
1.9858
2.01422
2.04465
2.03215
1.94715
1.98914
1.98284
1.9904
1.96684
2.04978
2.04021
1.96726
2.00923
1.99696
2.00184
1.99267
2.00483
2.00155
2.05171
2.00565
2.01098
1.99047
1.98765
1.98401
1.9712
2.05535
1.99349
1.96267
2.04457
2.01929
2.02536
2.02919
1.9942
2.02109
2.04566
2.0055
1.98068
1.98596
1.99106
2.01824
1.99883
2.00442
2.07743
1.99713
1.99384
2.05656
1.9302
1.96975
1.97349
1.99888
2.02461
2.04311
2.06652
1.91547
1.99173
1.98443
1.98087
1.99308
2.0238
1.99681
1.972
2.06549
1.98129
1.96275
1.977
2.02108
2.00965
2.02118
1.97376
2.02979
2.00785
2.01453
1.9892
2.01181
2.00334
2.00303
2.05161
1.96173
2.02572
2.00533
2.05635
1.9769
2.05474
2.04251
1.92927
1.96368
2.04642
1.96248
2.02634
1.97452
2.05459
2.00244
2.03353
1.93038
1.98074
1.96966
2.03211
1.97401
2.00416
2.01881
1.99323
1.9549
2.00725
2.03251
1.9968
1.98204
1.98917
2.01649
1.97832
2.02016
1.99729
2.00333
2.01994
1.99665
1.96223
1.96608
2.01691
2.04193
2.00287
2.01703
1.99967
1.98462
1.92914
1.99374
2.05069
2.00781
2.00741
1.98786
1.98457
2.02599
1.99972
2.01018
2.01611
1.99584
1.96115
2.00477
1.9222
2.05849
1.98233
1.95652
2.03772
1.99147
1.98916
1.98381
1.98003
1.94645
2.02781
1.99116
1.99196
1.98688
1.98762
2.04549
1.96688
2.01452
2.03161
1.99686
1.99494
1.97096
2.0186
2.01325
2.05039
1.99557
2.00091
2.03509
1.99048
1.99902
1.9921
2.01852
1.95711
1.99021
1.99436
2.00962
1.97576
2.03179
2.01695
1.9147
2.00263
1.98714
1.98299
2.00925
2.00915
2.03214
1.98712
2.03818
2.04684
2.01297
1.98047
1.99384
1.95546
2.00325
1.99521
1.98979
2.00758
2.01762
2.08517
1.97351
1.92331
1.99459
1.9579
2.01057
2.05623
2.02295
2.01385
2.05174
2.03929
1.98453
2.03307
1.97352
1.97127
2.05004
1.98743
1.99219
1.99321
1.98834
1.98742
1.97262
1.94982
2.04254
2.01395
2.00244
1.97663
2.01586
1.95791
1.99229
2.02176
2.02784
2.01078
1.9965
2.00081
1.95875
1.99841
1.99033
1.93346
2.008
1.96613
1.97589
1.99523
1.9621
2.01412
1.98707
1.97877
1.96874
2.03547
1.98033
2.00026
2.03636
2.00925
1.9499
1.96768
2.04176
1.9837
2.02943
2.01019
1.97576
1.96714
2.01191
2.07439
1.98512
1.99195
2.00786
1.98414
1.97022
1.96035
1.93674
1.97803
2.00929
2.00749
2.0097
1.99178
2.00475
2.03161
2.02688
1.97711
1.99144
1.9665
2.06154
1.99539
2.02391
2.00459
1.9955
2.00885
1.98518
1.9832
1.95666
1.98029
2.08405
2.02943
2.02864
1.98294
1.96085
1.99878
2.00733
1.95799
1.9731
2.04729
2.00267
1.97941
2.01094
2.02529
2.03398
1.9945
1.98591
1.98693
2.02401
2.00603
1.99253
1.99172
2.02773
2.02298
1.96689
1.9557
1.9576
1.98625
2.03658
1.99646
2.00941
1.97839
2.07298
2.05735
1.96941
2.03321
2.02913
1.94757
1.99283
1.96969
1.97333
2.00018
1.98102
1.98616
1.90873
1.95706
1.99422
2.03592
1.94224
2.00531
1.9933
1.95549
2.02017
1.98943
1.96733
1.95136
1.94243
1.98115
2.00603
2.02567
2.00016
2.01934
1.97443
1.98534
2.00261
2.0144
2.00285
1.9657
1.98323
1.98475
1.99906
1.97941
2.02213
1.98197
2.0081
2.01255
2.01114
2.02206
1.95876
1.93778
1.98377
1.98076
1.99533
1.97772
1.95676
2.04835
1.96271
1.99499
1.9906
2.01478
1.9824
1.9986
2.00636
1.97376
1.96686
2.0156
1.98928
2.02581
2.02805
2.03317
1.98359
1.9473
2.06431
1.98132
1.96673
2.00545
1.98748
1.987
2.01472
2.01707
1.99156
2.01705
2.05117
2.04325
1.99278
1.97068
2.00517
2.00489
2.03519
1.97802
2.01432
1.96198
1.99407
2.05007
2.04862
2.00482
1.95352
2.02401
2.05115
1.97238
1.99773
2.00658
1.95992
1.95657
1.98831
2.00631
2.00005
1.95612
1.96419
1.98229
1.98819
1.99586
2.00041
2.01345
1.99424
1.99015
2.00494
1.94404
2.00033
2.03117
2.01094
1.99767
2.00089
2.03113
2.00296
1.98129
1.98092
1.97288
2.02048
1.99411
1.99374
2.04585
2.00946
1.98496
1.99598
1.94127
2.04031
2.01683
1.94949
1.99509
2.05925
2.05483
1.97494
2.02648
1.98693
2.00296
2.06287
1.98404
1.92342
1.98903
2.03285
1.93997
1.96931
1.96665
1.98697
2.01524
1.97093
1.96487
2.02168
2.00409
2.0063
1.98494
1.94403
2.01695
2.00898
2.00968
2.02161
1.99021
2.01054
1.96245
1.96892
1.98324
1.98356
1.97999
1.96573
2.08487
2.05438
2.09076
1.9925
1.96599
1.96203
2.00297
2.0402
2.00828
1.93826
2.00857
1.96702
1.99986
1.99353
2.03407
1.98152
1.97547
2.01612
1.96402
1.99006
2.01902
1.99179
1.98365
1.98917
1.97384
1.97261
1.99104
2.00028
2.01127
2.03433
2.00954
1.98293
1.95673
1.9654
2.02324
2.00006
1.96305
1.93686
1.98487
1.96027
2.01909
1.96713
1.97203
2.0227
2.00113
2.01208
2.02898
2.00247
1.9855
2.03331
1.97877
2.0244
2.01647
2.02072
1.98471
1.9665
1.94641
1.97501
2.05495
2.04213
2.01872
1.98423
2.01703
2.00607
2.05769
2.02055
2.00581
1.97724
1.96268
2.00209
2.04707
2.01848
2.0286
1.98565
1.93946
1.99879
2.01239
1.95403
2.01676
1.99323
1.99331
2.01489
1.96068
1.96115
1.97806
1.97419
2.01394
2.03744
1.98292
2.01563
2.02657
1.95571
1.97085
1.99922
2.01263
1.98716
1.996
2.02927
2.07856
2.004
2.02964
1.98198
2.02031
1.9854
1.98932
2.05758
1.99689
2.03591
1.9898
1.97282
2.04907
2.00994
1.99537
2.01436
1.96501
1.99409
2.0306
2.00747
2.02416
2.03788
1.98072
2.02945
2.01886
2.03821
1.97932
2.02469
1.98425
2.00625
2.03657
2.03858
1.98964
2.05778
2.04707
2.01986
1.98132
2.04498
1.95528
2.02126
1.95805
1.99637
2.00427
1.99703
1.93602
2.03011
2.00036
2.01602
2.01385
2.01752
2.03531
2.03603
1.99834
2.02948
2.00159
2.00492
1.97452
1.96496
2.01015
1.95972
1.96943
2.02772
2.03034
1.97699
2.00921
2.03232
2.01279
1.97369
1.97853
1.97498
1.94604
1.98531
1.98222
2.04812
1.94429
1.95191
1.9943
1.98327
1.98994
1.97933
2.0344
1.9631
1.94866
2.00108
2.01016
2.05916
1.9949
1.98538
2.05654
1.97276
1.94171
1.98343
2.01122
2.04419
1.94812
1.99737
1.95933
2.03676
2.02486
1.9476
1.99412
1.96766
1.98953
2.01151
1.95955
2.06617
2.02886
1.99442
1.98623
1.94577
2.00764
2.01764
1.98438
2.02111
1.97241
1.99289
1.98483
1.98751
1.98047
2.02974
1.94175
1.94182
1.96256
2.00683
2.05458
2.01751
1.98892
1.96701
2.00358
1.9929
1.97727
2.06235
2.04338
2.03033
2.01946
2.00323
1.99347
1.96351
1.9951
2.01175
1.99408
1.98087
1.97165
2.02044
2.00714
2.07444
2.00075
1.98436
1.99573
2.03908
1.98954
1.9968
1.93962
2.01033
2.02845
2.04864
1.97691
2.01422
2.01336
1.95271
2.01742
1.96999
1.98277
1.9522
1.97442
2.04545
1.94377
2.0024
2.00825
2.02558
1.97971
1.97644
1.96437
1.99318
1.9411
2.01131
1.99056
1.96766
1.97379
1.95148
2.04039
2.02643
1.96805
2.004
2.00619
1.98717
2.00332
2.00073
2.0176
2.02961
1.99654
2.01378
2.00213
1.9878
2.01557
2.03025
2.02583
1.98703
2.02123
2.02106
1.98983
2.0174
1.98217
2.04049
2.02588
1.98572
2.01527
2.01143
2.0723
1.99622
2.02061
2.02483
2.07513
1.97742
1.96055
2.0117
2.00509
2.01447
1.98643
2.01497
2.00235
2.03677
1.98571
1.99245
2.01071
2.01476
1.96969
1.9867
2.02011
2.04779
1.98235
2.0204
2.01349
1.97371
2.01413
2.00148
2.00084
2.01636
1.99911
1.99489
1.97932
2.02316
1.9777
2.03991
2.03102
2.00712
1.99273
2.04046
1.99004
1.97085
1.99687
1.98141
2.04402
2.03145
1.97755
2.00286
1.99278
1.93814
1.99309
2.02503
1.9649
2.02472
1.99661
2.00864
2.01565
1.93475
1.98665
1.95969
1.98569
1.99947
2.00791
2.00218
2.00013
1.94942
2.04469
2.00992
2.0387
1.98205
2.00928
1.9987
2.00648
2.01946
2.01966
2.01289
2.03364
2.00887
2.05064
2.06913
1.91454
2.05778
2.02796
2.04455
1.99902
1.99829
1.96608
1.97719
2.00832
1.99203
1.96891
2.03159
2.03075
1.99328
1.99183
2.01195
2.01508
1.99321
2.04949
2.00088
2.02688
1.96635
1.93904
1.98037
2.0339
1.98518
2.00696
2.01544
1.9625
2.03877
1.97594
1.97458
1.99886
1.97168
2.03486
1.98466
1.96968
2.00533
2.01814
2.0261
2.01982
2.00229
1.95361
1.98621
2.03191
2.02572
2.02446
2.01524
1.97311
1.97404
2.0016
1.96547
2.01815
1.98653
2.023
2.03724
2.00047
2.04856
2.01765
1.99924
2.04087
2.03072
1.96918
2.00798
2.00158
1.98631
1.99868
2.03443
2.01416
2.00803
1.97453
2.0585
1.96429
2.01881
1.95181
2.00251
2.01012
1.99928
2.01784
2.01952
1.97863
2.02609
2.00534
2.0387
2.0157
1.99356
2.01639
1.99529
1.94489
2.02397
2.0054
1.9687
2.02035
1.98373
1.99639
2.02107
2.02226
1.99855
2.03869
1.99098
2.01026
1.97995
2.0753
1.97632
2.02612
2.00427
2.01745
1.97027
2.03053
1.92066
1.97765
1.98303
1.9704
1.97625
1.98204
2.00125
2.02833
1.94106
2.00971
1.96921
1.97003
2.00559
2.07661
2.02116
2.01387
1.99611
1.9477
1.98847
1.96307
2.01674
1.99137
2.04078
2.04248
1.98668
1.98928
2.05158
1.98805
2.03557
1.97976
2.06918
2.01567
1.98866
1.95827
1.9788
2.00891
1.96966
2.0441
2.03034
1.97147
2.02439
1.9727
1.98001
1.9895
2.02946
1.96465
2.00363
2.04004
2.04452
1.97553
2.0284
1.99204
2.0203
2.03273
2.04569
2.04364
2.00944
2.04559
1.9737
1.9794
1.95635
2.03306
1.99381
2.06213
2.02711
2.03431
2.05948
2.04955
1.99916
1.99564
2.02403
2.00912
1.95659
2.00736
1.97786
1.98985
1.96204
1.9819
2.02046
2.00819
2.03823
2.01793
2.00185
1.99679
2.01056
1.97218
1.99143
2.07056
2.02433
1.99465
1.92989
1.98602
1.98939
2.04165
2.06096
1.98952
2.03198
2.02679
2.0184
1.95981
2.00265
2.00891
2.04816
1.95952
2.01982
1.99026
1.99959
1.99443
2.04256
1.98646
2.0167
1.98469
1.96152
1.99128
1.99159
2.08513
2.00352
1.98738
2.02385
1.9645
2.0377
1.94546
1.99503
1.9969
2.02141
1.98785
2.06519
2.02168
1.99631
1.99628
2.00956
1.97387
2.04795
2.02266
1.99795
2.04499
1.97194
2.068
2.00131
2.05024
1.98386
1.99345
1.99454
2.00306
2.03019
2.06781
2.01241
2.00668
1.99826
2.00229
2.02335
1.93914
2.00523
2.01365
2.00948
1.98712
2.00817
1.96763
1.99533
1.98838
1.96842
1.99226
1.99565
2.02511
2.0265
1.94927
1.9753
1.97239
2.01588
1.93868
2.02935
1.97402
1.97047
1.99483
2.01219
1.97553
1.94711
2.00148
1.98456
2.03858
1.9881
2.04347
2.011
2.01684
2.00559
2.01086
1.99671
2.03178
2.0107
1.9665
1.9625
2.03901
1.98373
2.02788
2.00271
2.05227
1.95427
2.00433
2.00701
1.99434
1.98812
1.99894
1.97132
1.958
2.0226
1.99049
2.0129
1.99428
2.02523
2.00436
2.03096
1.99735
1.94731
2.00089
2.01536
1.93438
1.98774
2.00839
2.00307
1.99264
1.94635
1.94501
1.98801
2.02914
1.96196
2.0224
2.01485
2.02428
1.9992
1.98731
1.97646
2.02253
1.99659
2.01073
1.97275
2.03158
1.92487
1.98871
2.03812
1.97663
1.98039
1.98177
2.00484
2.02593
1.94493
2.04873
1.9816
1.98289
1.99925
1.98066
2.01284
1.96942
1.9697
2.00724
2.00966
1.98298
1.95811
1.97661
2.00426
1.99117
1.98986
2.03213
1.99235
1.97135
2.02936
1.97245
2.00627
2.00555
2.01641
1.99281
1.98327
1.99762
1.96334
2.00818
2.00481
1.95655
1.98397
1.99405
2.00613
1.97749
2.01579
1.99925
2.01397
2.00921
2.05438
2.06888
2.03193
2.01534
2.01185
2.01813
2.00075
2.0219
2.00669
2.02642
1.97151
1.98716
2.03387
2.00381
1.99441
2.04728
2.03763
1.93436
2.0291
2.03145
1.97384
1.95888
2.02896
2.0546
1.99017
2.01944
2.0023
2.00332
2.01529
1.97629
2.02043
2.02312
2.02441
1.96277
1.999
2.00421
2.00271
1.97811
1.97344
1.98853
1.94115
2.01136
1.99582
2.04551
2.01056
2.02835
1.96799
1.98796
1.97674
1.97361
2.01567
1.99368
1.99473
1.97588
1.98839
2.04654
1.97552
1.97998
1.96052
1.99892
1.96106
1.97139
2.02996
1.98433
2.00676
2.00753
2.0239
1.96225
1.99175
1.98494
1.98073
2.02369
1.98498
2.00535
1.94993
1.94373
2.03503
2.0228
1.9704
2.0054
1.95712
2.02447
1.98168
2.03667
2.00379
1.9821
1.9839
2.04399
2.02937
1.9832
2.02658
2.01532
1.99652
2.00388
2.02975
1.95531
1.96571
2
1.99106
2.01455
2.00224
1.98767
2.05504
2.01334
2.04461
2.01307
1.99059
2.05059
1.95436
2.03656
2.01296
1.96956
2.00538
1.97341
1.92801
1.98406
2.01202
1.9918
2.00339
1.96924
2.04543
1.98021
1.96199
2.01877
2.00677
1.99132
2.0252
1.9531
1.96503
2.01711
1.95437
1.95865
1.99506
2.00618
1.97374
2.01638
2.00459
1.9851
2.08197
2.0635
1.9742
2.01284
1.98962
2.03304
2.01409
1.99597
1.98697
1.98198
1.99231
2.04652
1.97984
1.97053
1.96542
2.03704
2.02686
2.0039
1.94441
2.01085
1.99542
2.02576
2.00831
2.01754
1.99145
2.01043
2.02757
1.96681
1.98172
1.97849
2.00667
2.00026
1.93188
1.97342
1.99434
1.94766
1.99726
1.92816
2.01658
1.99362
2.00801
2.00566
2.01485
1.98897
1.9932
1.94574
2.04003
1.97776
2.00127
2.00617
1.96705
1.98065
2.05913
1.95945
1.98041
1.99973
2.02344
2.04684
2.03279
1.99249
2.01884
2.0545
2.01692
2.01326
1.96704
2.01733
1.96534
1.98271
1.94425
2.00962
1.9901
2.03682
1.95868
1.99319
1.95948
1.93586
1.99307
2.0002
1.98624
2.02549
2.00108
2.03007
2.06836
2.02749
2.01689
2.0163
2.00555
1.93449
1.95812
1.98933
2.01985
1.9928
1.98632
2.03238
1.91727
1.95479
2.03424
1.98534
1.97185
2.02917
1.98244
1.98756
1.90822
2.00538
1.98899
1.99613
1.91849
1.93889
2.00603
1.94854
1.98986
2.05225
1.92978
1.959
2.01503
2.05874
1.96607
2.01979
2.03616
2.05336
2.01936
1.9835
2.0234
2.01988
1.95646
1.99631
1.9739
2.02051
1.98071
1.96901
1.97075
2.04378
1.99336
1.93161
2.03428
1.99367
2.05301
1.97996
1.99233
1.98576
1.98942
2.03068
2.03443
1.96977
2.00628
2.08179
1.95624
1.99037
1.96022
2.01196
2.04099
2.06872
1.95304
1.98814
2.00904
1.99264
2.05456
2.0218
2.09961
2.02563
1.97787
1.97614
1.96599
2.03467
2.02358
2.04059
2.03052
2.05026
2.00896
1.98277
1.99121
2.00739
1.96347
1.98342
2.03238
2.02246
1.97511
2.01493
2.04281
2.03658
1.96639
1.97051
1.91983
1.97765
1.97315
1.96045
2.01111
2.04022
1.95739
1.961
2.06212
2.01441
2.01175
2.00396
1.99357
2.00014
2.03319
2.00947
2.05059
2.00073
2.00759
1.97206
2.0155
1.97988
2.02478
1.97994
2.00625
1.95533
1.99004
2.00978
1.99587
2.0174
2.00393
1.93973
1.96011
1.99088
1.98181
2.02325
1.96838
1.95469
2.0145
2.0187
1.97067
1.96353
2.02975
1.96405
2.01223
1.96413
1.98046
2.00178
2.06127
1.97956
2.04756
1.97336
2.00392
1.9649
2.0018
2.00255
2.02205
2.01039
1.99909
1.97376
1.97183
1.98753
2.03586
1.93013
2.04055
2.06076
2.07886
2.01744
1.97979
1.96974
2.01147
2.00035
2.01718
2.01362
1.98877
2.00304
1.99541
1.96069
2.02069
1.97631
2.07316
2.00922
2.03212
1.99771
2.01071
2.00137
2.03036
1.98765
2.01115
2.03382
1.99972
2.02527
1.98222
1.96958
1.98184
2.04005
1.98113
1.99165
1.95019
1.97105
2.00582
1.98073
1.96893
2.02927
2.00766
2.00224
1.95145
1.96284
2.0334
1.97888
1.9937
1.98894
1.96773
1.96872
2.01996
2.01388
1.99642
1.97756
1.98061
1.96698
1.98532
2.00147
1.96036
1.92933
1.96769
2.00035
1.99353
2.05154
1.98833
1.99758
1.96332
2.0108
2.00738
2.0097
1.99786
2.02196
2.00476
2.01649
2.00336
1.951
2.00818
1.94319
1.99138
2.01824
2.01958
1.97346
2.01883
2.04505
2.06791
1.99467
1.9993
1.99566
2.03222
1.98406
2.01595
1.99266
1.98892
2.03495
1.96353
1.96793
2.02709
2.02953
2.0208
1.99848
1.99499
1.98611
1.99922
1.99906
2.00085
2.01399
2.02154
1.93011
2.0739
1.99027
1.91975
2.01674
2.00293
2.0103
2.01327
2.04628
2.03548
2.00063
2.03103
1.99813
2.02355
1.9783
1.98357
1.94028
1.94971
1.95505
2.05263
2.00697
1.99211
1.96359
1.96776
2.02918
2.0751
1.99804
2.01942
2.01994
2.01816
2.00888
1.98913
1.97661
2.0444
2.0029
2.00573
1.973
2.02508
1.98658
1.9445
1.98905
2.01348
2.00342
1.96363
1.98071
1.9603
2.02283
1.95725
1.96584
1.99924
2.00134
1.97301
1.97495
1.99511
2.00899
2.03645
1.97287
2.01614
2.05305
2.02291
2.04906
2.0172
1.98556
2.07835
1.98011
2.05822
2.00259
2.00588
1.934
1.98917
2.02198
2.00187
2.02554
1.95406
2.00648
2.02327
2.01107
2.03943
2.00856
2.05031
1.98803
1.95726
2.03173
1.97406
1.98886
1.96109
1.96922
1.95559
2.00292
1.94624
2.06511
1.99493
2.01236
1.98199
2.0313
2.01732
1.95453
2.00361
1.98082
1.98927
1.98733
2.06285
1.93584
2.01992
1.97741
1.95243
1.95584
1.98408
1.98682
2.01542
1.98456
1.9908
1.94787
1.99004
1.93318
2.0281
1.94819
1.96508
2.04941
2.01362
2.05857
2.0145
2.00099
2.00729
2.02884
2.02703
2.03673
2.03777
1.95636
1.927
1.98099
2.00794
2.03376
1.99896
2.01232
1.93371
1.98377
1.98838
1.97495
2.02978
2.03529
1.99517
2.02861
2.03931
1.9973
1.98497
1.95607
1.97426
1.97339
1.9655
2.01821
1.98617
1.95932
2.0103
2.0049
1.99118
2.00561
2.01577
1.99475
1.95956
1.93946
2.01611
1.97573
1.97231
1.96983
2.00398
1.99402
1.97366
1.9165
1.99602
1.99266
1.97665
1.9248
1.94702
1.99747
2.02057
2.02303
2.03655
1.95041
2.03414
1.98056
2.03541
1.98238
2.01579
1.95256
1.98583
2.05448
2.07173
2.01701
1.97748
2.02915
1.94283
1.94463
2.02891
1.98714
1.98334
1.98918
2.03
1.9569
2.04846
1.93178
2.00492
1.98948
1.94776
1.98238
2.00296
1.99374
2.03556
1.9771
2.05669
1.99255
2.01254
2.03728
1.97785
1.95186
2.00526
1.98744
1.95747
2.03396
2.01992
1.98647
1.98953
1.99367
1.96599
1.99323
2.0649
2.01407
2.00205
2.02895
2.0249
2.01198
2.00584
1.97093
2.05184
2.00098
2.07206
2.02008
1.98005
1.95652
2.02829
1.9858
2.01445
1.98821
2.00532
1.97611
2.0101
2.03592
1.99482
1.99594
2.04407
1.98355
2.01204
2.02513
2.02534
2.0423
1.98856
1.96812
1.95949
2.0374
2.00287
2.03286
2.02245
1.97633
2.0457
2.05409
2.01936
1.97942
1.9982
2.01154
2.02778
2.0043
1.98582
2.05547
2.02038
1.96658
1.99584
2.00107
1.99606
1.97059
1.988
1.97398
2.01277
1.98231
2.04042
1.97436
2.0092
2.01464
1.94502
1.99897
1.99338
2.00298
2.02177
2.00908
2.05036
2.01222
1.96671
1.97583
1.95111
1.97148
2.00083
2.00431
2.04338
1.97709
2.00746
2.05048
1.93938
2.03277
1.9838
1.96283
2.03107
1.98713
2.04348
1.95836
1.95465
2.02145
2.01177
2.02834
2.00405
1.97886
2.03938
1.95029
2.01554
2.02812
1.96696
1.94073
1.9876
2.0034
2.00783
2.08679
1.95491
2.01507
2.02024
1.95674
2.0119
2.04106
1.97469
1.96577
1.96176
1.99619
2.00937
2.00236
1.96734
2.0461
1.97665
2.02284
2.00984
2.00964
1.93257
1.98009
1.99208
2.00643
2.0106
2.05408
2.00907
2.00235
2.01305
1.94882
2.00053
2.02272
2.00975
2.04124
1.98889
1.98176
2.03886
2.00911
2.02119
1.96166
2.03051
1.97144
1.9472
2.07022
2.03845
2.05292
1.98447
2.02422
2.07022
1.97374
2.00286
2.00193
2.02346
2.03519
1.95695
2.01776
1.98762
1.9781
1.95439
2.03712
2.01698
2.01095
2.01911
1.95615
1.94683
1.92934
2.01854
1.97051
1.98619
2.0635
1.98286
2.02258
2.01723
1.91731
2.01387
1.96332
2.0075
2.04518
1.97783
1.98983
1.98608
2.00381
2.00371
1.96463
2.00388
2.02597
2.01433
1.97523
2.0234
1.96135
2.01138
1.96219
2.01787
1.99439
2.02714
1.90945
2.01775
2.01913
1.94408
2.04044
1.99714
2.00254
1.99856
2.06722
1.94683
1.99807
2.01741
1.99366
2.02289
1.96138
2.03352
1.97431
1.97869
1.98785
1.94798
2.03521
1.90847
1.96576
2.02357
2.0256
2.02236
2.05307
2.0704
1.96619
1.98546
1.98166
1.99039
2.02618
2.01609
1.98674
1.98411
1.99754
2.00959
1.99911
2.04888
1.99774
2.05756
1.98002
1.96881
1.98094
1.96963
2.00987
1.99076
2.02311
1.99379
2.02439
2.03291
2.00241
1.99762
2.00106
1.98201
1.95712
2.01342
2.03722
2.01808
2.00762
2.00058
1.99324
2.00452
1.99938
1.98075
2.0305
2.06755
2.00507
1.9848
1.97162
2.00802
1.98298
2.03478
2.01406
1.97019
2.05452
1.95626
2.03708
1.96923
2.03308
2.02531
1.97068
2.0439
1.99605
2.00051
2.02781
1.93449
1.99791
2.0303
2.0846
1.9974
1.95918
2.02154
2.00182
2.05317
1.98198
1.97659
2.01463
1.96912
1.96538
1.98
2.03928
1.9868
2.04356
2.05824
2.01164
2.01382
2.04131
1.95607
1.98101
2.01371
2.00218
2.05671
2.03953
2.02316
1.989
1.98905
1.96281
2.01991
2.02264
1.98732
1.97284
1.98433
1.96568
1.99211
1.98622
2.02334
1.97775
2.00842
1.9728
1.9975
1.97453
2.00726
1.9701
1.99136
1.97878
2.01375
2.02058
2.01395
2.05212
2.03634
2.02999
2.01637
2.07736
2.0354
1.98596
1.97883
2.00164
1.99477
1.96532
1.96486
2.02558
1.977
1.97582
1.96569
1.93087
2.01982
2.04739
2.02566
2.02423
1.95804
1.9931
2.00531
2.04718
2.03212
2.01957
2.03078
2.02377
1.96772
1.99066
1.9921
1.94132
1.98212
1.96909
1.97865
1.97059
1.98447
1.98179
2.03505
1.95526
1.9753
1.97275
2.03816
2.00867
1.94737
1.94449
2.04124
2.01159
1.93954
1.94834
1.97925
2.00768
2.0064
2.00935
1.97855
1.9346
2.02882
1.9748
2.02497
1.96331
2.03997
2.03364
1.96698
2.0138
1.97496
2.02062
2.01807
1.95546
2.01093
2.01193
1.96483
2.01484
2.01751
1.96031
2.00896
2.03943
1.98974
1.9659
2.00301
1.99218
1.97382
2.0504
1.98219
2.05167
2.04169
2.03819
1.95868
1.9588
2.0255
2.04175
2.05024
1.99655
1.99025
1.9839
1.97349
1.99298
2.05087
2.00276
1.96118
2.02136
2.02221
1.98126
2.02008
2.01324
1.97192
1.98697
1.97602
2.0432
2.0325
2.00327
2.04045
2.04028
2.01088
2.01338
1.9713
1.99776
1.98691
2.00985
1.99493
1.98659
1.98514
2.03736
2.01152
1.98288
1.98606
1.98173
1.97108
1.9544
1.98522
2.0145
2.04892
1.99718
2.00655
2.02801
1.95728
1.96705
2.01364
2.01246
1.9878
2.01906
2.01018
1.97451
1.99229
1.96889
1.97238
2.01083
2.02106
2.01763
2.02275
1.98702
1.97303
2.01408
2.00639
2.03352
2.00179
2.01965
1.98826
1.98298
1.96347
2.02094
1.93437
1.94401
2.0348
1.98317
2.01481
2.00319
2.02729
2.01393
1.96027
1.97862
2.00607
2.05742
2.00265
1.93464
2.01579
2.00575
1.98973
2.00057
2.01591
1.95365
2.02239
1.99767
2.00923
2.07448
2.02127
2.00046
1.94968
1.95924
2.00397
2.03889
1.97075
2.0027
1.97216
2.01714
1.99555
1.92295
2.01206
2.01109
1.92708
1.99444
1.94739
2.03654
1.99208
1.98957
2.0455
1.97676
2.05681
2.03125
2.02159
1.9644
1.96339
1.9906
2.01581
2.0547
2.03754
2.00142
2.02176
2.02636
2.03805
1.99021
2.01669
2.00607
2.04716
1.9991
2.00114
2.04388
1.9785
1.9749
2.06574
2.03722
2.01869
1.99025
1.98456
2.05426
2.02948
2.04396
2.01832
2.01099
2.03972
2.03524
1.96093
2.00081
1.96011
2.05844
1.98483
2.03804
1.93344
2.04973
1.98636
1.97675
1.97013
2.03163
1.99636
2.01835
1.99803
2.03675
1.99635
2.00577
1.96682
2.06154
1.97546
2.01759
1.98074
2.04793
1.98886
1.96714
1.97341
2.01655
2.01909
2.03082
2.01599
2.0623
2.00406
2.00789
1.98734
2.0499
2.03143
2.01399
2.02484
2.00144
2.02573
1.97531
2.06733
2.01734
2.01992
1.95459
2.01794
1.98988
2.00689
2.03128
2.01356
2.00541
2.01177
1.97708
2.00386
1.99333
2.05402
1.98666
2.01613
1.99959
1.98407
1.9919
1.95347
1.982
1.99007
2.08872
1.96484
1.98464
1.95506
1.94428
1.98281
2.04429
2.01789
2.03363
1.97124
2.02156
2.06618
2.01329
2.00313
2.00023
2.03145
2.02083
1.99799
1.99014
1.94232
1.99961
1.95348
2.01436
2.0196
1.96343
1.99504
1.99221
2.07315
2.0603
1.98815
2.04013
1.98613
2.02507
1.99352
2.00053
1.98795
1.97119
2.00443
2.02628
1.99584
1.98894
1.98011
2.02527
1.99433
2.05339
2.06764
1.99116
2.02043
1.98019
2.00565
1.93823
2.01658
2.00295
2.00961
1.9606
1.93615
1.97637
2.00114
2.00574
1.97932
1.96222
2.01183
2.00585
2.01707
1.98657
2.02159
2.01606
1.98584
2.01196
1.98328
1.98687
2.01933
2.00506
2.00094
1.99371
2.03815
1.98702
1.98271
1.98663
1.96981
2.02364
1.9544
2.00897
2.00878
2.05609
2.01293
2.00304
1.96538
2.01078
1.99836
1.96642
2.02824
1.99027
1.95765
2.03474
1.96632
2.0467
1.97812
1.9801
2.01247
2.01669
1.99852
2.04002
1.97747
2.02742
1.99855
2.01274
2.08131
2.01425
2.00058
1.98989
1.9839
1.9572
1.97513
2.055
2.04818
2.05017
2.00171
1.97725
1.951
1.95856
2.0108
2.01666
1.97697
2.00507
2.01336
1.9377
1.95852
2.00453
1.98577
1.97439
1.95567
2.03092
2.0004
2.02905
2.02797
1.99869
1.95372
2.0203
2.0045
2.00792
1.99109
1.96572
2.03664
2.05
1.96678
2.02669
1.98625
2.01821
2.03035
2.04465
2.03721
2.03415
2.02911
1.94078
1.95727
2.02556
1.92401
2.01087
1.98703
2.00496
1.97453
1.9565
2.01351
1.99524
2.01651
2.04586
1.9401
1.99389
2.02354
2.02872
2.038
2.01684
1.98837
2.05293
1.98636
2.00836
1.96406
1.98055
1.99725
2.04216
1.97837
1.99302
2.02519
1.99178
1.94865
1.99415
2.02255
2.04276
2.02221
1.99539
1.99719
2.03695
2.03387
1.99713
1.99213
1.98232
1.98793
2.02269
2.02569
1.9994
1.98675
1.97303
2.02939
1.99292
2.01066
1.97722
1.96801
2.00679
1.99526
2.00167
2.00934
1.97917
1.98866
2.02851
1.95852
2.01488
1.95719
2.03988
2.0167
1.97896
2.01267
2.00532
1.98182
2.04279
1.98236
2.05705
2.03424
2.01415
2.02903
1.97296
1.96247
1.99033
1.99717
1.98235
1.97238
2.02709
1.99658
1.98703
2.0154
1.98207
2.00785
1.99037
2.0063
1.98995
2.02633
2.05229
2.04814
1.95574
2.00248
1.96754
2.04215
2.01564
1.97648
2.00388
2.02939
2.07721
1.99405
2.00508
2.0318
1.98106
2.02844
1.9974
1.98427
2.01458
2.03852
1.94446
1.99755
1.9784
1.97375
1.97044
1.97353
2.00514
1.98621
1.93512
1.96399
1.95636
2.0169
2.00635
2.04294
2.0226
2.05591
2.00734
2.01413
1.95884
2.0304
2.01224
2.01819
1.99159
2.04074
1.98109
2.008
2.03399
2.0337
2.02949
1.99194
1.99788
2.02359
1.99263
1.99754
1.93789
2.03082
1.96619
2.01617
2.01999
1.98502
2.04306
2.00821
1.95923
1.91665
2.0042
2.02588
2.01304
1.98131
1.96233
1.99686
2.00848
2.04811
2.03475
2.01447
1.97694
1.95278
2.03449
2.03493
2.08739
1.99937
1.96128
1.99761
2.04764
1.98296
2.02597
2.01352
2.02516
1.96667
1.99084
1.98441
2.03591
1.99404
2.03335
2.02989
2.03992
1.92255
1.99113
1.98324
1.9643
1.96121
1.99445
1.94718
1.97672
2.02094
1.95622
2.00797
2.01803
2.02778
1.99049
2.05954
1.98755
2.00727
1.97779
1.96587
1.99244
1.96108
1.9778
1.99297
1.91602
1.99732
1.97604
1.95367
2.03393
2.00674
2.00058
2.00887
1.96909
1.99444
2.04804
2.00459
2.01043
1.98097
2.04848
1.97254
1.96919
1.96666
1.93523
2.03827
1.99726
2.00402
1.97626
2.00181
2.02255
2.00354
1.90216
1.97459
2.04784
2.01684
1.99522
2.01683
1.98297
2.04399
2.01929
2.00185
2.0275
2.01618
1.99307
2.03122
1.97056
1.93479
1.95962
2.01786
1.9861
2.03547
1.98833
2.03152
1.97857
1.96593
1.96376
2.05461
1.97233
2.01577
1.93352
1.97828
1.97014
2.0328
2.00427
2.0448
2.03189
2.03468
2.00186
1.9943
1.96338
2.06105
2.04374
1.99908
2.01235
1.95726
1.98605
1.93933
1.9772
1.96677
1.99616
1.94533
2.00927
1.9788
1.96198
2.01438
1.97648
2.04481
1.97321
2.07174
1.99512
2.01161
2.02439
2.02267
2.0243
2.02257
2.00167
2.01038
2.01764
2.01085
2.0457
1.97344
1.93639
1.95577
1.97649
2.00658
1.96779
1.94085
2.02841
1.97775
2.02254
1.97168
2.02171
1.99818
1.99746
2.00052
1.99344
1.986
2.03482
2.01473
1.99664
1.98812
2.04112
2.01944
2.01487
2.01107
1.97462
2.00348
1.9761
1.9941
2.00402
2.02281
1.98101
2.04286
2.01933
2.0449
1.90605
1.93937
2.02926
2.0274
2.00735
1.99186
1.98277
2.00266
2.01843
2.01043
2.03507
1.99177
1.98826
2.01674
2.03673
1.98734
2.01361
1.98692
2.09448
1.99838
1.94792
1.95524
2.00313
1.99119
1.97966
1.99114
1.97625
1.9613
2.0549
1.97975
2.0186
1.98695
1.99756
1.99245
1.96528
1.97969
2.03647
2.01171
2.02478
2.00683
1.98534
2.02914
1.97278
2.04668
1.96627
1.97224
1.98376
2.01583
1.93125
1.97623
2.00482
2.0251
1.97681
1.99124
1.97637
1.9936
2.02041
1.98709
2.01189
1.98864
2.04286
2.08528
2.01759
1.96639
2.0187
2.05392
2.02631
2.03824
2.00266
2.00362
1.945
1.98279
1.92442
1.95798
2.0011
2.04118
1.97773
1.99482
1.97574
2.04134
1.97467
1.99607
1.96875
2.02499
2.03107
1.99616
2.00641
1.93573
1.98565
1.998
2.01094
2.00018
2.01444
1.9538
1.96411
2.00831
1.95467
2.02771
2.01099
1.99872
2.06246
1.95826
1.99881
2.02042
2.00766
1.96539
2.02713
1.96421
2.02367
2.00735
1.94537
2.00497
2.00079
2.03802
1.97927
2.02606
2.00858
2.00967
1.96909
1.9964
2.06948
2.00664
1.99503
2.0626
1.97505
1.99917
1.93765
1.97317
2.02702
2.06934
1.97319
1.94542
2.03484
1.96981
1.9684
1.99243
1.99718
1.99127
2.07752
2.03322
1.9742
1.97377
1.95916
2.01711
1.97215
1.98529
1.99642
1.95924
1.96562
2.00884
2.01017
1.98701
1.99641
2.03568
2.03284
2.0025
2.02244
1.99755
2.01539
2.01952
2.02058
1.98752
1.96442
1.99152
2.0153
1.97947
1.94689
2.02056
2.03548
1.97329
1.979
2.11793
1.96189
2.02892
1.92575
1.97717
1.99161
2.00459
2.02945
2.02012
1.96544
2.07664
2.01728
2.00176
1.98245
1.93838
1.97959
2.05157
2.00496
2.01813
2.04427
1.92049
2.01687
1.98458
1.97884
2.0281
2.04834
2.02755
2.01512
1.99349
1.97362
1.99883
1.98974
2.01558
1.97832
1.98276
2.02676
2.0003
1.9966
2.03674
1.95482
2.00548
1.99027
2.01648
2.0154
2.02989
2.00079
2.00913
2.00763
1.99648
1.97313
2.01845
1.98213
1.98962
2.03902
1.98478
2.02689
2.00995
2.02356
2.01502
2.00076
2.01424
2.00644
2.02562
2.02111
2.04016
1.99337
1.99192
1.95726
1.95253
1.96272
2.03197
2.05436
2.04091
1.97663
1.96474
2.05352
1.97766
1.98044
2.01566
1.95294
1.97969
2.01335
1.97996
1.97985
2.01858
1.96046
1.99948
2.05276
1.98938
1.98266
2.04903
2.00906
1.98913
1.9608
1.97347
2.02997
2.04177
2.01221
2.00802
1.99284
1.94967
1.97278
2.04864
1.95872
2.03362
2.04566
2.01983
1.98183
1.92134
1.99854
1.99807
2.00511
2.02521
2.01829
1.95983
2.01259
2.01999
1.98477
1.96843
1.99899
1.99433
2.01154
1.98458
2.04306
2.01173
1.98796
2.0564
2.08184
1.96234
2.04138
2.02897
1.99624
2.0425
2.03242
1.9825
1.98389
2.00093
2.03745
1.97133
2.00195
2.02073
2.03807
2.02124
1.9651
2.01864
2.04507
2.01812
2.05484
2.00853
1.98383
2.02206
2.04536
2.0195
2.02339
1.98639
1.98503
2.00733
1.97572
2.00086
1.9531
2.00282
1.95925
2.00557
2.04101
2.00557
2.01431
2.01658
1.99164
2.02471
2.02234
2.0096
1.97212
1.97017
2.00665
1.92172
1.9816
1.99502
2.01882
2.00077
2.01869
2.06331
2.01319
2.01081
1.92015
2.03704
2.03004
1.95717
2.01755
1.96015
1.99666
2.00267
1.98529
1.96173
2.00226
2.0132
2.02094
1.99816
1.98479
2.01613
1.98351
1.97286
1.97772
2.0089
1.99806
2.02168
1.98808
2.04944
2.01398
2.00862
2.00047
2.00794
2.03157
2.05354
1.9872
1.95694
1.97499
2.00996
2.05457
1.97453
2.00992
1.98313
1.98046
1.95614
2.01437
1.97805
1.96988
2.00548
2.0232
1.97059
2.03583
2.00426
2.03348
1.9673
2.05399
2.00738
2.02728
1.98734
2.00179
2.0296
1.99191
2.05448
2.04192
2.00897
1.99153
2.00193
2.01054
2.02036
2.01809
2.01867
1.90113
1.97738
2.00238
2.01683
1.96708
1.97083
2.0831
1.98133
1.96841
2.0067
1.99354
1.9779
2.00116
1.97718
2.03728
1.98926
1.98047
1.97591
1.99072
2.01476
2.00309
1.9894
1.98674
1.95933
2.03253
2.01227
1.98442
1.94368
2.0187
2.0319
1.99516
1.9445
2.04684
1.99037
2.00298
2.04218
2.03654
2.05674
1.99101
2.02358
1.99596
1.94678
2.02688
2.01826
2.03466
1.97647
1.99598
1.95833
1.95851
2.02969
2.00367
1.99282
2.00868
1.98356
1.98689
1.94298
1.97027
1.99262
2.03128
1.95673
1.96227
2.04289
2.00798
1.99264
2.0096
1.95902
1.97949
1.96091
1.99848
1.99803
2.03918
1.97502
2.03547
1.97432
1.99689
1.98155
2.02563
2.01873
2.02752
2.01459
2.04334
1.93097
1.97696
1.97748
2.00105
1.97815
2.03171
1.98728
1.99042
1.99183
1.99615
2.00159
2.04757
1.9879
2.00813
2.0632
2.05473
2.01458
1.95691
1.94034
1.97309
2.00167
2.01652
1.9871
2.00601
2.02302
1.95745
1.97521
2.02128
1.99651
1.97752
1.97859
2.01402
2.03399
1.99153
2.03973
2.0317
2.01395
2.01259
2.00547
1.9747
2.01873
2.05661
2.01247
1.98276
2.00248
1.9477
1.96205
2.04142
2.02805
2.0075
2.02108
2.00874
1.99106
2.0521
2.00451
2.01342
1.99332
1.99729
1.98102
1.9733
1.99904
2.00017
2.00509
1.95609
2.02756
1.98628
1.9907
1.93997
2.02382
2.01296
1.98362
2.01306
2.02066
1.9964
1.97139
2.03268
1.95881
2.00796
2.00623
2.00105
1.99795
1.95022
2.00223
2.00485
1.99469
1.96987
2.03978
1.97559
2.05557
2.0264
2.0325
2.03366
2.00944
2.00096
2.0588
2.03672
1.94717
1.96893
2.01462
1.98988
1.9611
1.99645
2.02799
2.00677
2.04503
2.00988
2.01581
1.96428
2.03562
1.98837
2.05108
1.95302
1.96071
1.97883
1.97914
2.01176
2.0563
2.00727
2.01438
2.06313
2.01038
1.99917
1.93243
2.00915
1.98569
2.04686
1.97797
2.01675
2.03314
2.03412
2.03885
1.97238
1.98474
2.02168
1.94797
1.97827
1.98802
1.93967
2.04176
1.95922
2.04626
1.97734
1.95191
2.00731
2.00519
1.98087
2.07733
2.05775
1.97604
2.02815
1.95919
1.9937
2.01224
1.97311
1.97911
1.97414
2.01995
1.99941
1.99186
1.99257
1.9845
2.01542
2.00529
1.98573
1.99833
1.99659
2.07371
2.00823
1.96849
2.01272
2.00722
2.00235
2.02521
2.00271
2.00792
1.99412
2.0268
2.02425
2.00068
2.01723
2.02426
2.04063
1.98523
2.0061
2.00502
2.02556
1.96504
2.00692
1.95092
2.05664
1.99467
2.01989
2.03622
1.97733
2.02425
1.94731
2.02157
1.99863
2.00882
2.0274
2.05615
1.97061
2.02891
2.01784
2.00731
1.98128
1.99552
2.02326
2.00505
2.04761
1.98163
1.9732
1.91641
1.98216
1.95934
1.99686
1.98682
1.99148
2.00094
1.95011
2.02994
2.0332
1.9821
1.99565
1.96479
2.005
1.97927
1.99234
1.93043
2.05075
2.04239
2.00811
1.93065
2.01806
1.95292
1.977
2.00763
1.9828
2.00067
2.03005
2.04741
1.99342
2.01606
1.99574
2.05912
2.04619
2.00877
1.96647
2.04982
2.05191
2.03875
2.01598
2.003
2.00258
1.97415
1.96414
2.01422
1.99224
2.01949
2.01874
1.98549
1.98876
1.9783
1.94912
1.97859
2.03046
2.02553
2.01184
2.0287
2.01203
2.01174
1.99358
2.09568
1.99466
1.99327
2.01494
2.02256
2.04084
1.98729
1.98943
2.01636
2.02409
1.97197
2.00479
1.96163
1.97591
1.96485
2.01236
2.00587
2.00474
2.03878
1.99242
1.98739
2.00343
2.01444
2.01881
2.051
1.94219
2.03108
2.00079
1.97016
2.04303
1.99416
1.9654
2.02191
2.04545
2.06468
2.00601
2.03156
1.97391
1.99985
1.97345
2.02932
1.97885
2.00055
2.0203
1.99174
2.04404
2.05313
2.00372
1.9835
2.03807
1.96626
1.98381
1.96231
1.99786
1.97989
2.01037
1.97513
1.95328
2.03136
2.00849
2.05234
1.93684
1.99416
1.99417
1.96332
1.98919
1.94199
1.97781
1.9916
2.01503
1.99599
2.00515
1.98301
2.00093
2.0447
2.01435
1.96464
2.02747
1.99948
2.02798
2.00908
2.01073
2.02732
1.9653
1.99445
1.96608
2.01348
2.0332
1.99583
1.97701
1.96947
1.99384
2.01118
2.03893
2.00434
1.99088
1.95806
1.99659
1.94093
1.97863
2.00051
2.00778
1.96424
1.97379
2.00285
1.95637
1.9237
1.93625
2.03529
1.96493
1.9713
2.02799
2.00437
1.99769
2.03917
1.96253
2.00312
1.93601
1.96527
2.0011
2.00476
2.02479
2.0235
2.03093
2.05067
1.91757
2.02217
1.98344
2.04182
1.98904
2.05471
1.99635
1.94665
1.99903
1.96306
1.98444
2.02569
2.03027
1.97176
2.00113
1.97521
2.00227
2.00003
1.98716
1.98292
1.93015
2.0402
2.00001
2.00306
1.99555
1.94963
2.02469
2.02736
1.99516
2.04405
2.05976
1.91379
1.98825
1.94897
2.03974
1.95269
2.00863
2.00695
1.98399
2.01793
2.04873
2.00486
2.03012
1.99507
2.0091
2.03257
1.98202
2.01532
1.96538
2.0342
2.02285
2.00399
1.98821
1.94986
2.02116
2.04145
1.98316
1.98595
1.99122
2.0019
2.00592
2.04008
1.9805
1.96384
1.98398
2.04335
1.98367
1.98573
2.01206
2.00908
1.97174
1.9874
2.03675
2.04975
2.02559
2.03391
1.99149
1.98843
1.97078
1.97323
1.9878
2.01056
1.97752
2.00543
1.97468
1.99717
1.97682
2.06124
2.01526
1.98275
2.00194
2.06276
1.97564
2.01912
2.0155
2.05518
1.99002
1.94928
2.03881
2.01525
2.04214
1.93196
1.98733
1.99339
2.10275
2.00563
1.98311
1.9963
1.9726
1.96609
1.989
1.995
1.97416
1.99092
2.04276
1.97886
2.01144
1.99427
2.0259
1.98195
2.00651
2.04079
2.00469
2.0404
2.02324
1.99193
1.99924
1.98377
2.01152
2.03567
2.02437
1.97731
1.99617
2.01574
1.98936
1.93165
2.00818
2.03624
1.95327
1.99318
1.97265
1.99315
1.99834
2.01488
1.96739
1.93785
2.02629
2.00884
2.02672
1.99505
2.01939
2.00016
1.99413
2.02318
1.9683
1.98276
1.93699
1.99668
2.01277
1.99478
2.01174
1.99452
2.01402
1.94878
2.03401
2.00492
1.99148
1.99985
1.99932
1.94389
2.01996
1.99561
1.99154
1.9961
2.04962
2.0231
2.04707
1.99647
2.01921
1.97133
2.04837
2.01271
2.01083
2.00314
1.98359
1.97903
1.97471
1.98592
2.01778
2.02418
1.95532
1.97924
1.98824
2.01181
2.02508
2.02399
2.04248
2.02516
1.98563
2.02332
2.00407
1.97448
2.04102
1.98615
2.02154
1.98919
2.02742
2.02978
2.00101
1.95876
1.97185
2.01948
1.97683
1.97954
1.94155
1.97658
1.98484
1.98139
1.96596
1.97394
1.99436
1.94838
2.03519
1.92895
2.00718
1.99614
1.99671
1.97976
1.99286
2.02512
1.97642
2.04593
2.07539
2.027
1.97712
1.97079
2.01875
1.92932
1.95856
1.94419
1.99699
2.03565
1.99158
2.00511
1.96209
2.00331
1.99108
2.00655
2.03586
2.04528
1.98177
2.00168
2.03455
1.95872
2.06279
1.99811
1.97849
1.97214
2.02321
2.01311
2.00728
2.01826
1.97524
1.96097
2.03583
1.9452
2.05618
2.01561
2.01316
2.00107
1.99762
2.02645
2.0264
1.98161
2.01362
2.00577
1.93552
1.9973
2.02483
1.98932
1.99345
2.01849
1.96206
2.06588
1.95793
1.99185
1.97667
2.02774
1.99431
1.99987
2.01229
2.04246
2.03098
2.03968
2.00328
1.98427
1.98082
1.93338
2.02656
1.9965
2.01962
2.0498
1.96394
1.96935
2.0141
1.98313
2.02872
1.99248
1.96615
2.02613
2.02175
2.00334
2.00247
1.98373
1.97344
1.95092
1.94467
1.97056
1.96365
2.0102
2.04395
2.05762
1.9687
1.97188
1.96712
1.98215
2.04303
2.06498
1.96372
1.98198
2.03518
1.99029
1.99323
1.96405
1.9847
1.98174
2.02683
1.98079
1.99184
2.00933
1.99259
2.01896
2.00889
1.98952
1.95199
2.00308
2.04111
2.01628
2.01861
1.9242
2.01007
2.01082
1.93564
1.96905
1.98062
1.96957
1.95852
2.0132
1.99596
2.00011
2.02599
2.01267
1.96464
1.93629
2.03239
2.05836
2.02478
1.98673
1.98692
1.97189
1.97412
1.98433
2.0331
2.01829
1.99755
1.97575
1.95484
1.95986
1.93572
1.97877
2.00017
2.0247
1.9891
2.01942
1.98806
2.03886
1.92377
1.98188
2.04748
1.98723
1.95873
2.01702
2.01368
1.97404
2.01917
2.00263
2.06626
2.04313
2.01794
2.02511
2.01219
1.97445
2.02439
2.05118
2.03676
1.99142
1.99334
1.99716
2.02014
1.9549
2.0605
1.96057
2.01421
2.00299
2.01013
2.07066
2.0162
1.97929
1.96914
2.0292
2.01201
1.98589
2.01024
1.99732
2.03241
2.06572
1.96495
1.9956
2.00254
1.99515
1.94493
2.0253
2.02941
2.0163
2.00201
1.98661
2.05272
2.01368
1.99184
1.96335
2.00679
2.03143
1.96652
1.97676
1.94715
2.00235
1.96098
1.96465
2.01695
2.04082
2.0115
2.02971
1.98034
1.99799
1.95106
1.99764
2.00849
1.96722
1.97873
2.0149
2.06389
2.01948
1.97626
1.99359
1.96887
2.04082
2.00536
2.04005
1.97298
2.01445
1.98174
1.97459
2.03003
2.02992
1.98409
1.98542
2.01636
2.01077
2.02957
2.03395
2.01423
1.9828
1.9811
2.01104
2.00568
2.01338
2.04946
1.97205
2.03311
2.05055
2.02064
2.0367
2.00314
2.01236
2.07258
1.99563
2.05085
1.98472
1.9826
2.01654
2.02764
1.97404
1.97399
1.99228
2.06068
2.04301
1.9818
1.96134
1.99175
2.03627
2.05796
2.03582
2.01437
2.02737
1.99346
1.96768
2.01748
2.03456
2.02532
1.98867
2.00398
1.96793
1.97677
2.01109
2.03442
1.96818
1.99158
1.94458
1.97749
2.02403
1.9885
1.99579
1.97249
2.00691
1.97411
2.00563
2
1.95059
2.02049
2.04607
1.97729
1.96691
2.05702
1.99723
2.00853
2.07239
2.0402
2.04594
1.96534
1.98129
2.0216
2.02258
1.97522
1.9799
1.9696
2.0304
2.00538
2.04415
1.97266
2.00015
2.02686
2.00593
2.01299
2.019
2.05426
2.00238
1.9822
1.97928
1.99924
1.97643
2.01667
1.97441
1.99196
1.97671
2.00157
2.0585
1.96855
1.96728
1.966
1.95256
1.94912
1.97846
2.0527
2.08439
2.01732
1.93982
2.05099
1.99304
2.00245
1.95645
1.98882
1.94588
2.00947
2.06936
2.02094
2.02789
1.94657
1.98433
2.05891
2.01414
1.99925
1.95967
2.05848
2.02242
2.03742
1.98733
2.01246
2.04353
2.03046
2.05714
2.03981
1.96746
2.04264
1.97431
1.98857
1.96329
1.96553
1.99554
2.05428
1.98535
1.95943
1.93756
2.00647
1.99609
2.05438
2.00479
1.97968
1.96288
1.99251
2.00974
1.98542
2.03904
2.03152
1.9655
1.9901
1.99077
2.03204
2.03137
1.991
1.97346
1.99363
1.99871
1.96088
1.97885
1.99338
1.97446
2.02596
2.01627
1.95487
2.00714
1.9714
1.95391
2.03295
2.03267
1.99907
1.98287
1.95319
1.99476
2.03465
1.99772
1.98536
1.93817
2.02167
1.94702
1.99278
2.00898
1.97087
1.98261
2.05734
2.05073
2.00733
2.01689
2.06874
1.99553
2.01505
1.98062
1.99005
2.00069
2.00047
2.00986
1.95211
2.02613
2.02556
1.98065
2.0241
2.037
2.03567
1.97979
1.99615
2.03187
2.01081
1.99755
1.96445
1.98575
2.03421
2.07923
1.98576
1.95863
2.03324
2.01387
1.96526
1.97505
1.99112
2.01548
2.00221
1.9605
2.04237
1.98541
1.98846
2.03937
1.97034
1.98315
2.06096
1.92325
1.99782
2.01797
1.97659
2.03574
2.02525
1.94445
2.03983
2.01599
2.00424
2.06455
2.04545
2.00105
1.98133
2.05905
2.04383
2.01991
1.99457
1.97069
2.04507
2.02443
2.01844
1.96057
2.00953
1.97845
1.97983
1.99269
2.01098
1.97032
2.00773
1.98831
1.98304
2.00272
1.96787
1.98272
2.03176
1.99433
1.98123
2.04597
2.0005
1.98151
1.99611
1.96411
2.02775
2.02843
1.97458
1.98965
2.01289
1.98292
2.02631
2.02483
2.01936
1.99213
1.97344
1.99926
1.97683
1.99072
1.99918
1.98466
1.99164
1.9913
2.06039
2.00073
2.00402
2.01496
1.98068
1.9843
1.97054
1.9983
1.99059
2.02856
1.99652
1.99546
2.00289
2.02613
1.96052
1.94469
2.04815
1.93592
1.98205
2.05535
1.98436
1.99732
2.02874
1.9882
1.9419
1.97419
2.0067
2.02258
1.9904
1.93238
1.99561
2.0112
2.01265
2.04933
2.00211
1.98839
2.01209
1.94216
2.03598
2.01841
1.97791
1.98628
1.96232
2.01599
1.99604
1.94367
1.97402
2.02365
2.00244
1.96966
1.96406
1.98449
1.97567
1.9698
1.96462
1.99676
2.03161
1.96109
2.01562
1.98437
2.00034
2.00259
2.03674
2.01847
1.9624
2.04499
2.0445
1.97603
1.98216
2.008
1.98598
2.00344
1.98955
1.99554
2.01062
1.96875
2.02589
1.97703
2.0234
1.99335
1.99902
1.96227
2.03863
2.01397
2.0032
2.04522
1.99598
2.00801
1.99625
2.0672
1.98719
2.00981
1.98797
2.01999
2.02082
2.00243
2.03435
2.02415
1.98957
1.98365
1.98256
1.95598
2.01996
2.0156
1.98831
2.00477
2.00098
2.01911
2.02004
2.00017
2.05298
2.01086
1.94149
1.9807
1.96284
2.01921
2.03005
2.03256
2.01387
2.0394
1.94715
2.01101
1.98937
1.97279
1.92371
1.98824
1.93517
1.98452
1.95416
2.02182
1.91243
1.9863
1.95729
1.95812
1.99507
1.99733
2.02058
2.01707
1.97329
2.03621
1.97544
1.9649
1.99826
1.98668
2.07563
1.97239
1.97338
2.00561
2.03531
1.9996
1.97809
1.99946
1.93807
1.95935
2.01957
1.98157
2.00865
2.02204
1.99736
2.04635
1.99496
1.98323
2.02753
1.9713
2.06912
2.03366
2.01466
1.94185
1.97337
1.98707
2.00061
1.96765
2.01191
2.00414
1.98952
2.021
2.02479
1.97326
2.07808
2.02039
1.93082
1.98007
2.02111
1.96625
2.00307
2.00273
2.01721
2.00198
2.05616
2.01886
1.9676
1.99081
2.01526
2.03766
1.96034
1.99178
2.00199
2.02793
2.05236
2.04131
1.99363
2.0241
1.98882
1.98831
1.98577
2.01636
2.00381
2.0341
2.0319
2.01544
2.00183
2.0244
2.05544
2.00904
2.02638
1.96517
1.99174
1.96646
2.00864
2.00747
2.0015
2.0186
1.98253
2.00011
1.97752
2.00126
2.02971
1.9866
2.01176
2.03203
2.03437
1.99506
1.95008
2.01746
1.99278
2.02088
2.01749
1.97273
2.02482
2.00597
1.99258
2.03427
2.06188
1.98932
1.99362
1.98815
1.98547
1.99476
1.96477
1.97549
2.01373
1.98809
2.03043
2.02555
1.9786
2.06526
1.95827
2.01084
2.04524
2.00689
1.99493
2.04811
2.00239
2.01134
1.96341
2.06055
1.94225
2.03307
2.04836
2.05434
2.02383
1.98364
2.02267
1.98676
2.02089
1.99772
1.9806
2.01363
2.03037
2.03227
1.93145
2.00344
1.97159
1.97337
2.00089
1.95644
2.07986
2.00755
1.92463
1.95509
2.00867
1.99639
1.99825
2.02365
1.95614
2.04235
2.04751
2.04667
2.01346
1.98264
1.98498
1.9448
2.01521
1.99978
1.99642
1.98738
2.02486
1.97239
2.01606
1.99219
2.03278
2.00757
2.02242
1.9593
2.04071
1.99294
2.01855
2.02565
2.03457
2.0227
2.04343
2.0037
2.02514
1.98208
2.04807
1.99637
1.97745
1.98109
1.97864
1.96635
1.96027
2.0567
2.03228
1.97396
1.98056
1.94343
2.02553
1.95212
1.97804
1.9596
1.98466
1.99847
2.00837
1.96208
1.9997
2.00124
1.96344
1.97073
2.0021
2.02353
1.97612
2.04431
2.01728
2.0042
2.0309
2.00979
2.00383
1.97863
2.00514
2.00413
2.03489
1.99315
2.01097
2.0118
2.05062
1.97671
1.99255
1.99725
1.94103
2.0112
1.98
1.97794
1.99379
2.03252
1.99762
2.05475
1.99638
2.02862
2.03194
1.99326
1.97994
2.00633
1.99672
2.07152
2.00545
1.97255
2.02093
2.01806
2.02415
2.01159
1.96893
2.0449
1.99352
1.97465
1.98824
2.01486
2.02344
1.98633
2.01337
2.00724
2.01207
1.97305
2.03135
1.96411
1.98512
1.99516
1.99426
2.04508
1.97016
2.02462
1.99262
2.0002
2.02955
2.00875
2.01859
1.99878
1.96432
1.95918
1.97857
1.9927
1.98896
2.02839
1.98044
1.96521
1.95971
2.00368
2.02907
1.99639
1.93786
2.00873
2.0415
2.02429
2.04109
1.92922
2.01569
2.00699
2.00038
1.98811
2.02826
2.06992
2.00634
2.0612
1.98608
1.99058
1.99962
1.94087
2.00268
2.04439
1.98698
2.01074
1.98746
1.97936
1.99393
2.00898
2.01665
2.04834
1.96743
2.01755
2.04502
1.96919
1.99115
1.98777
2.06632
2.02448
2.01895
1.98091
1.97156
1.95723
2.02756
1.99197
1.94476
1.98482
2.00779
1.95404
1.95916
2.02969
2.02384
1.97532
1.93301
2.00377
1.96853
1.99111
2.02304
2.01111
2.04225
1.96144
2.01309
1.95134
1.97722
1.91258
2.00447
1.97888
1.94804
1.96067
2.00708
1.98388
2.09874
2.01078
2.05027
1.95677
2.00172
2.01342
1.97953
2.0388
1.98277
2.05373
2.02221
2.05602
2.01782
2.05025
1.97326
2.02421
2.02548
1.9467
2.0378
2.00338
2.00979
2.00198
1.96369
2.04711
2.02394
1.99084
1.96628
1.99072
2.0425
1.97609
2.03466
2.00655
2.03082
2.00723
1.96157
2.00011
2.04813
1.98937
1.99086
1.99652
1.94211
2.01985
2.01575
2.03145
2.0072
2.05759
1.96847
1.98761
2.0183
1.98389
1.98576
2.00138
1.98447
2.03038
2.03647
2.06062
2.02764
1.98545
1.97048
2.05335
2.02896
2.02987
2.00995
2.03141
1.96653
1.92824
1.98191
1.97616
1.97567
2.0088
1.99981
1.98162
1.98093
1.98259
1.98665
1.97736
2.04941
2.00391
2.02758
2.01993
2.02685
2.02289
2.0073
2.02467
2.0566
1.9506
2.03595
2.05333
1.98035
1.98214
1.97623
2.03726
1.97203
2.00327
1.98825
2.01278
1.97219
2.01745
2.00394
2.02131
2.02446
1.95288
2.00982
2.02442
1.995
2.01138
1.95561
2.02828
2.03295
1.96324
2.01447
2.01758
2.00412
2.0111
1.9694
1.98447
1.97602
2.0027
1.98156
2.01138
2.00019
1.98177
1.98233
2.01002
2.00287
1.96981
2.06129
2.00459
2.01236
2.02616
1.96624
1.99679
2.03081
1.97642
1.99953
1.99472
1.92374
2.04036
2.01568
1.97242
1.99864
2.01694
1.98261
1.98567
2.00518
1.95641
2.00978
2.04063
1.99766
1.97362
1.98838
2.01101
2.01266
2.03231
2.00108
2.00151
1.9741
1.97792
2.00504
1.96839
2.02704
1.96113
1.99891
1.97241
1.99226
1.99189
2.00952
2.02996
2.00026
2.02598
1.97062
1.96418
1.97907
2.02736
2.00273
2.01582
1.94684
2.00335
2.00196
1.97462
2.03984
1.97749
1.94965
1.97925
1.9628
2.0071
2.02242
1.98768
2.03045
2.01857
1.95291
1.94067
1.96606
1.95674
2.01987
2.03755
2.01957
1.97103
2.01478
1.96482
2.01874
2.00232
1.9875
2.03845
2.02571
1.96229
1.9782
1.99101
2.0219
2.09175
1.98803
2.01174
1.95757
2.02318
2.03633
2.01475
2.04057
2.00169
1.94198
1.96968
1.992
2.01217
1.97312
2.01447
2.06858
1.97048
1.99743
1.97677
2.00768
2.03323
2.01908
2.03334
2.03857
1.99425
1.97495
1.96234
2.03387
1.994
2.03526
1.98924
2.00287
1.975
1.97942
1.95554
2.02959
2.01562
1.9882
2.00229
2.03466
2.02066
2.00832
1.99202
2.00699
1.99161
1.99669
1.94553
1.97725
2.03449
1.95992
2.00928
2.02616
2.01975
1.97425
1.95524
2.04358
1.99121
1.9572
2.07175
1.9688
1.99896
1.98897
2.01758
1.96697
1.98627
2.0008
2.00513
1.95319
1.99498
2.02837
2.04631
1.99132
2.03255
1.9812
1.99609
2.02913
2.03135
1.97137
1.99143
1.99964
1.99795
1.95773
2.00105
2.03818
1.99471
2.04317
1.98751
2.00022
1.99103
1.93766
1.99381
2.0468
1.98095
2.02964
2.04759
1.99919
2.0241
1.9823
1.99751
2.03586
2.00186
1.98476
2.00463
2.04893
2.02492
1.95145
1.95605
2.03295
2.00049
2.0433
1.99441
1.96326
1.99451
2.01869
2.01562
1.98549
1.94185
1.98745
1.95189
1.99024
2.00662
2.00263
1.9837
2.05686
1.93592
1.96574
2.02251
2.01148
1.94234
2.03181
1.99972
2.0239
1.97297
2.00192
1.97484
1.97678
1.94454
1.95378
2.03655
2.05332
2.0074
2.01879
1.96224
1.98529
2.02907
1.97556
1.96679
2.00948
1.9589
1.97941
2.00826
2.01627
2.01834
1.94206
1.98351
1.98479
1.9714
1.9977
1.96775
2.03041
2.01738
2.00385
2.05331
1.96753
2.01385
1.99983
2.02462
2.03068
2.05437
1.91976
2.01522
2.03129
1.94872
2.02807
2.0423
2.02698
1.99633
1.96457
1.94403
2.01224
2.04058
1.99551
2.03225
1.98505
1.94809
2.00244
1.98651
2.03334
1.98997
2.05555
1.97248
2.02865
2.01784
1.97661
2.03549
2.00636
1.96036
1.96839
1.96672
1.9639
1.97994
2.01636
2.01043
2.06101
1.98975
2.01362
1.9367
2.00914
2.05022
1.96915
1.98727
2.00287
2.00887
2.00329
2.02411
2.00735
2.03166
2.01633
1.99496
1.96916
1.94896
1.96666
2.0287
1.98869
2.02429
1.9546
2.05743
1.99803
2.00762
2.01132
2.0063
1.97718
2.05045
1.94791
2.04831
1.99218
1.99232
2.0626
2.05257
2.05436
1.9504
2.00463
2.02973
1.94519
1.98274
1.9733
2.01082
1.98451
1.99217
1.98647
1.94888
1.93536
2.02114
2.05597
1.9439
2.02184
1.97788
2.04311
1.98365
1.95123
2.04245
1.96263
1.99975
2.04246
2.03346
1.94854
2.00891
1.98684
2.05192
2.03113
2.02463
2.0371
1.97579
1.99619
2.01417
1.96264
1.99746
1.99324
2.04768
2.00725
2.00074
1.95247
1.94376
1.96905
1.97258
1.9642
1.96866
1.96659
1.98837
2.02611
1.96313
1.98774
2.04239
1.97037
2.01195
2.04385
2.04621
2.0242
2.00833
1.99247
1.97938
1.96965
2.00154
1.98237
1.94153
2.02407
2.00627
2.05459
1.95466
1.95174
1.98618
1.99862
1.99633
2.03639
1.97726
2.04486
2.03575
1.97849
2.04442
2.00218
2.03046
2.0166
1.97357
1.98368
1.99367
2.02025
2.05695
1.99352
1.96611
2.01559
1.95261
1.92677
2.02239
1.97302
2.00293
1.9739
1.97489
1.93281
2.02724
1.93527
2.00548
2.0155
2.01123
1.98007
2.01212
2.03823
2.008
2.03624
2.00774
2.0016
1.9991
1.95247
1.96819
1.94633
1.98007
1.95202
2.02187
1.98472
2.01236
1.99535
1.98566
2.01444
1.95464
2.02898
2.03087
1.96173
1.97132
1.98255
2.01544
1.95367
2.05452
2.00158
2.01334
1.98125
1.96034
2.01422
2.03607
1.99774
1.99375
2.0023
1.9993
1.96539
2.03368
1.97086
2.00365
2.03064
2.04267
1.97338
1.92429
2.00576
1.95226
1.95695
2.02658
2.02658
1.96224
1.9625
1.99098
2.04531
1.96159
1.9747
1.97983
2.0194
2.05219
1.97881
2.03075
2.00532
1.98865
2.02795
1.99586
1.98758
1.92266
2.05188
1.95826
2.00522
1.99035
1.98161
2.00686
2.00607
1.93495
2.02539
2.02209
1.96577
2.00265
1.98017
1.98293
2.02044
2.02853
2.00142
1.92507
2.03276
1.98966
1.94318
2.01958
2.0178
2.02448
1.96117
1.98157
1.95252
1.95006
1.95502
1.97633
2.03207
1.99532
1.99226
1.98226
2.02141
1.98462
2.00677
1.9963
2.00222
2.02487
2.02664
1.98928
2.00842
1.95461
2.02614
2.02659
2.00305
2.0085
1.957
2.03095
1.98364
1.98812
1.98626
1.96841
2.0413
2.00394
1.9802
1.95683
2.00586
1.96996
1.99982
2.02895
1.93603
2.03396
1.96304
1.95127
1.918
2.01142
1.9867
2.00261
1.99078
1.97668
1.99801
1.95311
2.04358
2.00197
2.00615
1.96328
1.97832
1.94661
1.99515
2.01081
2.05398
2.01388
2.02386
2.02635
2.02293
1.97998
1.99176
1.97086
1.99439
1.99774
1.99246
2.00474
2.0344
2.03858
2.03218
2.0101
2.00471
1.95886
1.98802
1.99143
1.98449
2.00417
2.04822
1.99672
1.99159
1.99872
2.0108
2.01435
1.98931
1.98645
2.00223
1.9335
1.98734
1.98416
2.01468
1.99864
2.05084
2.01122
2.00871
1.97479
2.00312
2.03361
2.03079
2.00344
1.998
2.0334
1.97366
2.01019
1.98618
1.99481
2.02768
1.97601
2.01809
2.0504
2.01798
2.02127
2.01673
1.97035
2.02234
2.03979
2.00987
2.01141
2.01326
2.01338
2.0365
2.05548
1.94661
2.04899
1.93471
