2.02649
1.9812
1.99276
2.00498
2.01867
2.00091
2.02161
2.01007
1.97006
2.00389
1.98269
2.00405
2.00769
1.97178
1.99715
2.0101
2.01154
1.97299
1.97931
1.9667
1.9937
1.99219
1.99556
2.0144
1.99729
2.01784
2.00549
2.03699
1.97584
1.99888
2.01411
2.0053
1.98911
2.01225
1.99045
1.98747
2.01534
2.01414
2.00315
1.98545
1.98487
2.00405
2.01579
2.00736
1.99481
1.99014
2.00905
2.00995
1.97808
2.01105
1.99658
2.02553
2.00287
2.00137
2.01096
1.99352
2.00817
2.00087
2.00286
1.99272
1.97475
2.00522
2.0023
2.02003
2.0096
1.97209
2.00245
1.98786
2.02208
2.01312
2.00031
1.99933
2.00722
2.00628
1.95523
1.98635
1.99082
2.00696
2.01515
1.97315
1.99235
2.01535
1.98279
1.98465
2.02739
2.03196
2.0231
2.00332
1.99654
1.99069
1.97668
2.0143
2.00295
2.00638
1.98877
2.00285
2.00834
2.00732
2.00145
2.00552
1.98975
2.01846
2.01334
2.0037
2.01807
1.98974
2.00644
1.99727
2.00906
1.99823
2.00595
2.00764
2.00944
1.99726
1.99691
2.01301
1.99268
2.00868
2.00019
1.97411
2.01083
2.0093
2.00847
1.99245
2.0153
2.007
2.00105
1.99881
1.99137
1.98399
2.0021
2.03059
2.02575
1.99614
2.00657
2.03752
1.97633
2.02223
2.02881
1.99057
2.02012
1.99737
1.99686
1.98687
1.99395
1.96629
1.99412
1.98405
1.99952
2.00906
1.99975
2.02003
1.97782
2.01556
1.99394
1.99126
1.9879
1.98885
1.99813
2.00345
1.98982
2.01087
2.00899
2.01092
1.99756
2.01058
1.98227
1.98639
1.98945
1.99745
2.01338
1.99488
2.0195
2.00225
1.99131
1.97777
1.99831
2.00413
2.00236
2.01299
2.00355
2.01668
1.97993
1.98767
2.00633
2.00867
1.99901
2.01028
1.9984
2.00834
2.0202
2.00323
2.01638
1.978
2.00506
1.99594
2.00712
1.97936
2.02189
1.99577
1.99347
2.01501
2.00695
2.01475
2.00637
1.97287
1.98958
1.98974
1.98705
2.02176
2.01626
2.01347
2.00015
1.99
1.99049
2.02194
1.98309
2.00905
2.01501
1.96843
1.98146
1.99578
1.97976
1.99837
1.97435
1.98088
2.00165
2.01326
1.98724
2.03036
1.99684
1.99724
2.03051
1.99609
1.98025
2.01714
1.9896
2.02208
1.98967
2.02092
1.98044
1.99901
1.99082
2.004
1.99126
2.00576
1.99658
1.99282
2.00674
2.00987
1.99041
2.01621
2.02047
2.01071
1.98612
2.01533
2.00998
1.99955
1.99811
2.01966
2.02516
2.00725
1.97991
1.9883
2.01502
2.01193
1.99698
2.02123
2.00257
2.00135
1.98915
2.02501
2.03459
2.00978
1.9881
1.99838
1.98863
1.99117
1.9924
2.00128
2.00499
2.01187
1.98748
1.98486
1.99562
1.99751
2.00262
2.00373
2.00519
2.00799
1.99878
2.02244
2.00042
2.0036
1.99814
1.99522
2.02526
2.01962
1.98636
1.98889
2.00496
2.00608
2.01103
2.00752
1.9891
2.01028
2.01029
2.01085
1.96244
1.97974
2.01194
2.02006
2.01693
1.99477
2.02417
2.02974
1.99036
1.99781
1.99964
2.0242
2.00264
1.99998
2.019
1.99607
2.00131
2.01415
1.98234
2.0087
1.99004
1.97574
2.01504
1.9909
2.01823
2.00895
2.00114
1.98699
2.00048
1.99867
1.97753
2.00624
1.99655
1.98021
1.99473
2.01584
1.98892
1.99344
1.99493
2.03803
1.99332
2.01581
1.98718
2.00486
2.00758
2.001
2.00543
2.01187
1.97364
1.99657
2.02204
2.00636
1.99987
2.00321
1.98441
2.0219
1.99008
1.96267
2.00311
2.00327
1.97935
1.98628
1.99719
1.98506
1.98465
2.00893
2.00215
1.98676
2.01015
2.01266
2.00491
2.0002
1.9926
2.00779
2.0011
2.00603
2.01276
1.99287
2.0036
2.00614
1.98892
1.99821
1.99123
2.0026
2.01082
1.98736
2.00945
2.01006
1.96772
2.01268
1.99056
1.9941
2.0051
1.99111
2.00964
2.02073
2.0066
2.00868
2.00548
2.00134
2.00448
2.00291
1.99181
1.99226
1.97848
2.01188
2.0336
1.97155
1.98978
2.02359
1.9917
1.97679
1.97948
2.00227
2.01086
2.00846
2.00803
2.00472
1.99705
2.00649
2.00143
2.00176
1.97806
1.9896
1.99581
2.01373
2.00457
1.99378
2.00726
2.01722
1.98425
2.00828
2.02983
1.99277
2.0294
2.01596
1.98075
1.98207
2.01065
2.00954
1.99642
2.00275
1.99945
1.99226
2.02228
1.96823
2.0022
2.00351
2.00056
2.01247
1.98774
2.00614
2.02827
2.00448
2.00115
2.011
2.01502
1.98265
2.00293
1.9999
1.99024
1.98989
1.99171
1.98599
1.99459
2.00656
2.00072
1.99205
2.00292
2.00116
2.00897
1.99961
2.00693
1.98092
1.99426
2.01095
2.0052
1.99029
2.01699
1.98182
2.01145
2.00299
1.99822
1.99893
1.98735
2.00107
1.99624
2.00581
2.00163
1.96995
2.00784
2.01008
1.99093
1.99007
2.02686
2.00584
1.99388
2.00014
2.00069
1.98919
2.01931
1.97536
1.99549
1.98748
2.03217
2.00339
2.007
1.98887
1.97689
1.99351
2.00399
1.98955
2.01769
1.99968
2.01058
1.98009
2.00091
1.99208
2.02472
1.96115
1.98667
1.99849
1.96814
1.98629
2.00092
1.98865
2.01879
2.01948
2.02326
2.00733
2.02386
2.00515
1.96829
2.02492
2.00728
1.98773
1.99888
1.98515
1.9958
2.00901
2.0095
2.00585
1.97916
1.9989
2.00484
1.98533
1.99109
1.9812
2.00409
2.03006
2.0024
1.98713
1.9945
2.00283
2.00681
1.97451
2.00951
2.0242
2.007
2.01518
2.01167
1.99183
1.9864
1.98651
1.97999
1.99112
1.99097
2.00029
1.99656
2.02106
1.98914
1.99432
2.01741
2.00264
1.99456
2.01455
1.98629
1.98658
1.99704
1.99044
2.02325
1.99036
1.999
2.00336
1.99232
1.99761
2.01646
1.99659
1.99751
2.00607
2.00993
2.0074
2.00235
1.99232
2.03372
2.00455
2.01286
1.99553
1.98111
2.0193
1.98842
2.00024
1.98853
1.99424
2.00391
2.02274
2.01997
1.974
1.98465
2.01292
2.01036
1.99748
1.9812
1.99254
2.0216
2
1.99574
2.02888
2.01419
2.0026
1.98018
2.01002
1.99913
2.01445
2.0011
2.00595
1.99552
2.01675
2.00091
1.97089
1.99547
2.01385
1.98831
1.99714
1.9831
2.01519
2.01394
1.99217
2.00815
1.99979
1.98568
2.00438
1.9982
1.97922
1.99357
2.00198
1.97398
1.99428
1.98348
1.99717
1.98493
2.01984
1.98229
1.96151
1.97847
1.99396
1.99104
1.99312
1.99802
1.99046
2.00691
1.99447
1.99565
2.01649
2.00713
1.9886
2.01825
2.003
1.97787
2.0164
2.01083
2.01452
1.99501
1.97786
2.00543
2.0062
2.00609
2.01313
1.99991
2.0054
2.00234
1.9889
1.99794
1.99164
2.02836
1.9836
1.99813
2.01155
2.00347
2.01903
2.02278
2.01026
1.97202
2.00708
2.00573
2.02837
1.99522
2.00542
2.00325
1.9927
1.99429
1.98176
1.98034
2.0152
2.00192
2.01222
1.99977
2.00201
1.98
1.99146
2.01001
2.00182
1.98575
2.00953
1.98691
2.00427
2.01976
1.98344
1.98812
1.99174
1.97764
1.9879
2.01301
2.00119
1.98606
2.00466
2.00471
1.99092
1.98812
2.01389
1.99837
1.98548
2.00815
2.02091
2.01292
1.98302
2.01682
1.99607
2.00676
2.01038
1.98409
1.99358
1.98072
1.99919
2.04479
2.00354
2.02788
1.99916
2.01112
1.99672
2.00118
1.98597
1.98865
1.9763
2.01581
2.00658
1.98695
1.99591
1.98002
2.01821
1.9893
1.98718
2.00507
1.98899
2.00823
2.02318
1.98681
1.99074
2.00874
2.02845
1.99841
1.99903
1.99258
1.98741
1.98064
2.03375
1.98441
1.99294
2.01264
1.97183
2.00826
1.99345
2.0082
2.00973
1.98965
1.96067
2.02861
1.98352
2.02338
2.00294
2.00901
2.00982
1.99651
2.01859
2.01592
2.0134
1.96667
1.98342
1.99488
2.0274
1.99553
1.98914
1.97656
1.98228
1.98592
1.95775
2.00266
1.97958
2.00796
1.99859
1.97797
1.98928
2.03126
1.9949
2.00842
1.98189
2.01913
1.98003
2.00293
1.99084
1.97943
1.99395
1.99218
2.00149
1.97491
2.02505
2.03495
1.98818
1.99813
1.99466
2.02016
1.98394
2.00233
1.99253
1.96972
1.9964
2.00638
2.01154
1.99592
1.99946
1.98321
2.01031
1.9962
2.00137
1.99262
1.98943
2.00572
1.99885
2.0096
1.98929
1.99421
2.03197
1.99466
2.00819
1.97703
1.98619
2.01806
1.98356
1.98162
2.01674
1.97493
2.00654
2.00049
1.99424
1.99947
1.99824
1.99862
2.01778
2.02189
1.98764
1.97704
1.99946
2.01269
1.99053
2.02306
1.99979
1.9942
1.97756
2.00761
2.00749
1.97553
2.00602
2.01958
2.00664
2.00006
2.02713
1.99138
2.01907
1.98611
1.99261
2.01135
2.00274
2.0179
1.99952
1.99588
2.01268
1.99313
2.01442
1.9997
1.99767
1.98566
2.01052
1.97438
2.01671
2.00982
1.99696
1.98303
2.01728
2.01257
1.99501
2.01696
2.01912
2.00154
2.00335
2.00141
1.98611
1.97815
2.00145
2.00351
2.0188
2.0117
1.99814
2.00766
2.01275
2.00398
1.98671
2.00804
1.99216
2.00295
2.00761
1.99733
1.99446
2.00587
1.98661
2.00189
1.97173
1.9936
2.00208
1.98513
2.01839
2.01195
1.99067
1.99017
1.99132
1.98472
1.98402
2.0118
1.99091
1.9855
1.98753
2.00033
2.00484
2.00679
1.99611
2.02134
1.98993
2.01748
2.00403
2.02056
1.99478
2.00927
1.98244
2.00831
2.00931
1.99906
1.9935
1.99202
1.99521
2.00972
1.99328
2.01576
1.97578
1.99019
2.00003
1.99004
1.99698
1.99795
1.99853
2.01333
1.98824
1.99194
2.00188
2.00771
2.01557
1.97367
1.9975
1.99696
1.98747
2.01683
1.99536
2.00528
2.00782
1.98703
1.99863
1.98623
1.98418
1.99789
1.98217
2.00218
2.00464
2.00645
2.00868
1.99577
2.0081
2.02344
2.00887
2.00531
1.99941
2.00695
2.00236
1.99852
1.99697
2.01284
1.99004
1.98161
2.02113
1.97804
2.00258
2.01399
1.99556
2.00455
2.0122
2.01209
2.01721
1.97982
2.00937
1.98171
2.00199
1.98
2.00778
2.01255
1.99237
2.02411
1.98959
1.98968
2.00689
2.00967
2.00429
2.02257
2.00299
1.97857
2.01484
2.02525
2.01269
2.0063
1.97155
1.97796
2.00171
1.98585
1.96754
2.01056
1.98836
1.98705
2.00561
1.99837
2.0034
1.97226
1.99556
1.99018
1.99578
2.00212
1.9878
1.99256
2.01617
1.99646
1.98059
1.98845
1.99614
1.99107
1.97853
2.00471
1.9929
2.00134
1.98602
2.00271
2.01035
2.00476
2.00986
2.00814
2.00671
1.99155
1.9938
2.00967
2.00281
2.01928
1.99001
1.99765
2.00672
2.01853
2.02171
1.97923
2.01127
1.99695
2.02443
1.99107
2.00607
2.00392
2.00612
1.99395
1.9858
2.00119
1.97766
1.99242
2.0037
2.00197
2.00383
2.02058
2.00416
1.98167
1.95944
1.99804
2.00996
2.01578
1.99912
1.99109
2.00722
2.01623
2.00461
2.0072
1.99702
2.00754
1.97886
2.01016
2.02793
1.99772
1.99872
2.03189
2.00555
1.98705
2.02145
2.0006
1.9907
1.99666
1.99445
1.99719
2.00659
2.00492
1.99486
2.00298
2.01039
1.98888
1.98275
1.97799
2.00991
1.9961
2.00696
2.02342
1.98193
1.9799
1.9991
2.00057
2.00271
2.00039
1.98934
1.98431
1.99273
2.01135
1.9878
2.01756
1.9903
2.02258
2.01251
1.99544
2.01493
2.01292
1.98941
1.99293
1.98637
1.99685
2.01159
2.0107
2.01769
2.00311
1.98804
2.00216
1.99591
2.00908
1.99431
2.014
1.99738
1.97588
2.01133
1.98341
1.97829
1.98641
2.00649
1.98006
2.00813
1.97706
1.98822
1.9799
1.99412
2.00436
1.97918
2.01284
2.00469
2.01054
1.96781
2.01127
2.008
1.99184
1.99203
2.01319
2.00564
2.01135
2.00309
1.99376
2.01136
1.99249
1.99335
2.00309
1.99065
2.00732
1.99126
2.00876
1.99144
2.00782
2.02289
1.9894
2.01378
2.00007
2.02578
1.9748
2.014
2.02495
2.00333
2.00252
1.98066
1.99274
2.01852
1.99971
2.01045
1.99415
1.99953
1.99819
1.9988
2.02271
2.01443
1.98048
2.00219
2.02145
1.99828
1.9656
2.00646
1.99292
1.98775
1.98365
2.00441
2.01682
1.99002
2.01051
1.99644
2.01671
2.00682
1.98826
2.00884
1.99185
1.99129
2.0129
1.99005
1.99372
2.00837
1.98313
1.99361
2.02146
2.00611
1.99687
1.9997
2.01868
2.00746
1.97021
1.98389
1.99116
1.97785
2.00618
1.99529
1.97799
1.98686
2.00397
2.00905
2.02301
2.00945
1.98115
2.02089
1.99733
2.01824
2.0086
2.01252
2.00629
1.99167
1.99914
2.01016
2.00269
1.99714
1.99238
2.00971
2.00409
2.00812
1.9973
2.01549
1.99993
1.9895
1.98472
1.98482
1.99935
1.98824
2.02187
1.99937
2.01912
2.00395
2.02446
2.00517
2.02009
1.98963
1.97404
1.98678
1.99736
2.01022
2.00905
2.00853
1.97591
1.98028
1.98322
2.01562
2.02115
2.00476
2.00658
2.00251
1.97581
2.00896
2.01765
2.00215
1.99703
1.97175
1.98606
2.0021
2.00147
2.00777
2.01641
1.99557
1.99844
2.02733
1.96781
2.01359
2.01837
1.97819
1.99061
1.98737
1.98722
1.97147
2.00389
1.98541
2.02163
1.99691
2.01533
1.99623
1.99128
1.99332
2.03485
1.99069
1.99255
2.0072
1.99808
1.97489
2.01838
2.00112
2.0147
2.00238
1.99737
2.01949
1.99379
1.99594
1.98915
2.00094
1.98062
1.9787
1.99396
1.99214
2.02369
1.99876
1.9973
1.99136
2.01911
2.02115
2.01572
1.99709
1.97258
1.98537
2.01314
2.01154
2.00854
1.99701
2.00889
2.00255
1.99114
1.96589
2.01897
1.98943
1.99696
1.97606
2.02751
1.99351
2.03179
1.97689
1.98877
1.99127
2.00837
1.99784
2.01764
2.01248
1.99476
1.99937
2.01812
2.00181
1.9961
1.99768
1.99953
1.98011
1.97849
2.00114
2.00518
2.01515
2.00558
1.99763
1.99347
1.98386
2.00546
1.9804
2.00666
1.96919
1.99466
2.0142
1.99556
1.99772
1.97648
2.01417
1.98986
1.9925
2.00561
1.9868
1.99379
1.98674
2.0097
1.98715
1.99733
1.97107
2.00593
2.00386
2.01323
2.0293
2.00158
2.01294
1.99746
1.99978
2.01927
1.99636
2.023
1.98553
1.98532
1.99155
1.99539
2.02119
1.98516
2.00019
2.02523
2.00837
2.01317
2.01271
1.98706
2.00368
1.9857
2.00008
2.00423
2.00373
1.99697
2.0056
1.98647
2.00492
1.99519
1.98027
1.98297
1.99571
1.98718
2.00265
1.99633
2.00136
2.00334
1.98004
2.00165
2.00826
2.01071
2.00572
2.00551
2.01012
1.99564
2.01369
1.98571
1.9769
2.01024
1.97711
1.96379
2.01412
2.00222
1.98765
2.02463
2.02509
1.99822
2.01352
1.99661
2.03075
1.99795
1.98175
2.00583
1.99136
2.00235
1.99089
2.01648
1.99943
1.9875
2.01244
2.00648
1.99082
2.00454
2.02474
2.0017
2.01499
2.02219
2.02956
1.98213
1.9814
2.00747
2.00121
2.0041
1.9808
2.0132
2.01262
2.02875
2.00895
1.99573
2.02358
2.02075
1.95451
2.00152
1.96783
2.01617
1.99624
1.98206
2.00081
1.99646
1.99052
2.02253
1.99009
1.99475
1.99102
1.97543
1.99816
2.00301
1.97789
1.99403
2.00702
1.98605
2.0076
2.00763
2.01588
2.00586
1.99197
1.99224
2.00202
1.97422
2.01832
1.97773
1.99138
2.02259
1.97648
2.00503
2.01349
1.99902
1.97841
2.02233
1.98677
1.99946
2.01791
2.00873
2.00586
2.02647
1.97755
1.98117
1.97831
2.00626
2.00951
1.97818
1.99785
1.99697
1.98179
2.02337
1.98805
2.00217
1.98983
1.9826
2.00976
1.97214
1.98834
2.02732
1.99505
2.02242
1.99847
1.99572
2.0043
2.01299
2.00583
2.01661
2.01457
2.00218
2.00567
2.01358
2.01496
1.9849
2.019
1.97514
2.00631
1.99983
2.01546
2.02106
1.99531
2.0179
2.003
1.99932
1.99853
1.99373
2.02388
2.01214
2.00699
1.99109
2.03352
2.0011
2.00052
2.0128
1.99091
1.99241
1.98649
2.02207
2.01879
2.02098
1.99566
2.01444
2.01733
1.98916
1.98385
1.98375
2.00263
1.98522
2.00559
2.00083
1.99934
1.98349
2.01691
1.97882
1.98469
1.99581
2.01736
2.00878
2.00702
2.02812
2.00094
2.02559
1.99831
1.99109
1.99227
2.00942
2.00319
1.97889
1.99886
2.00263
2.01909
2.00376
2.00533
1.99187
2.01424
1.98782
1.98785
2.00967
1.99709
2.00252
1.97988
1.99179
1.9993
2.02266
1.98154
2.02412
2.00582
2.00315
2.01814
1.99641
1.98963
2.00926
2.02783
1.99409
2.00183
1.98117
1.97619
2.002
2.00409
1.95293
1.99754
1.99957
2.00872
1.98313
2.00296
1.98572
2.00098
2.02816
2.00254
1.98591
2.01926
2.0243
2.01253
2.00354
1.98294
2.00804
1.99102
1.99652
2.00232
1.99593
2.02585
2.00636
2.0068
1.98835
1.99987
2.01475
1.97862
1.99137
2.0051
2.01857
1.97884
2.01152
2.00233
2.00167
2.00177
1.99233
1.99071
1.99357
1.97972
2.02734
1.98039
2.0043
2.0079
1.99196
1.97874
2.00615
1.99339
2.00754
2.00038
1.99384
1.97414
1.9998
2.00733
2.00451
1.98369
2.00089
1.99893
2.00303
1.98712
1.99678
1.98604
2.00311
2.01088
2.02527
2.01537
2.01602
1.98807
2.00003
1.99421
1.99607
2.02092
2.00797
2.00791
2.00441
2.02952
1.98568
2.0075
1.99614
1.97874
1.98089
1.99358
1.98872
1.98764
2.00676
2.00237
1.99648
2.00832
2.00967
2.00145
2.00811
1.98576
2.00548
2.01605
1.98665
2.03153
2.00236
2.00323
1.97633
2.00568
2.00315
2.01917
1.97295
2.01476
1.99699
2.01925
1.99278
1.99322
2.0146
1.96689
1.97165
2.00051
2.00773
2.00577
1.99286
1.99417
2.00093
1.98534
2.00924
2.0007
2.00306
1.99919
1.97345
2.03035
1.9981
1.98559
1.99138
2.00066
2.01245
1.99814
2.01569
2.01189
1.97693
1.97549
2.00002
1.99229
2.00454
1.99887
2.00624
2.00071
2.00892
2.0189
1.99414
1.99537
2.01296
1.97913
2.01076
2.00011
2.0001
1.9968
1.99749
2.00841
2.02001
2.00254
1.99636
2.01072
2.01959
1.99405
1.99659
2.00542
2.00724
2.00099
2.00417
1.96823
1.99388
2.02903
2.02433
1.99683
1.97204
2.01968
2.0143
2.015
2.00865
2.0067
1.99884
1.98955
1.99122
2.00478
2.00181
1.95603
2.00309
1.98524
1.98956
1.9892
2.00498
2.01536
1.99631
1.98895
1.99631
2.00013
1.99218
2.02408
2.0221
2.03761
1.99921
2.00342
2.01732
2.01493
1.99074
2.00714
2.00985
2.02326
1.99635
2.01475
2.01475
2.02
1.97848
1.98069
1.9807
2.00396
2.02106
1.97649
1.98702
2.01603
2.01151
1.99326
1.98269
1.99288
2.00901
1.99034
2.00489
2.03564
2.00076
1.99934
2.00596
2.01904
1.99344
1.98507
1.98689
2.02815
2.00084
1.98486
1.99966
1.9857
1.99762
2.0209
2.00454
1.99663
2.00405
2.00458
2.00631
1.9944
1.98736
2.0178
2.00644
2.03074
1.98685
2.01337
2.04416
1.99114
1.99206
2.01166
2.01313
1.99384
1.98718
2.00123
2.00477
1.98769
2.00325
1.99509
2.01278
2.00678
2.01161
2.01321
2.00396
1.99338
1.99704
2.00458
1.99966
1.99202
2.00696
1.98731
1.99681
2.01721
2.0014
2.01436
1.98238
2.02145
1.99491
1.9982
2.02433
2.01303
2.0002
2.00386
2.0059
2.01697
2.0047
1.99526
2.00137
1.99372
1.98732
1.9989
2.00701
2.02722
2.01568
2.00071
2.00015
1.99583
2.00955
1.99308
2.00878
2.00038
1.98454
2.01714
2.01243
1.99926
2.00744
1.99361
1.98804
1.99774
2.00651
2.01194
1.95769
2.01973
2.00223
2.00424
2.01049
1.98965
2.01238
1.99698
2.01034
1.98629
1.98994
1.98545
2.01001
2.00603
1.96494
2.00758
2.0001
1.98381
2.01696
2.0094
1.99852
2.00215
1.99371
1.99591
2.02185
2.01959
2.00367
1.98138
1.99097
1.99568
1.99856
2.00489
2.0088
2.02089
1.9986
1.99603
2.02502
2.01034
1.99172
2.00999
1.98926
1.9906
1.99001
1.99393
1.97926
2.0065
2.00074
1.99994
1.97505
2.01158
1.99823
1.99929
2.0132
2.00764
2.00022
1.99876
2.01935
2.01233
2.02255
1.99688
1.99172
2.00075
1.98992
2.0056
2.0073
1.99928
2.00797
1.99458
1.9986
1.99585
1.97786
2.00363
2.00251
2.00495
2.01054
1.98474
2.00272
1.99964
2.00415
2.00253
2.00574
1.99641
2.00535
2.014
2.0336
1.99903
2.03127
2.00314
2.02757
2.00945
2.02501
1.99779
2.01556
1.99429
1.98004
1.99775
2.00878
1.99915
2.01327
2.01684
1.99983
2.01702
1.98919
1.99938
1.99206
1.99086
2.00034
2.01395
1.9962
1.98777
2.00655
1.9889
1.99514
2.01428
1.95152
2.00652
2.01286
1.97653
2.00803
1.99663
1.99675
1.97942
2.00084
1.97198
1.97975
2.02381
1.98741
1.99739
1.97728
2.01166
1.9949
1.98209
2.00127
2.01301
1.99964
1.98073
1.95953
2.00506
1.98756
1.98591
1.99005
1.98689
1.99199
2.02214
2.00801
1.99878
2.00994
1.96317
2.01701
2.02325
2.00304
2.01236
1.9982
2.01264
1.9997
1.9884
1.99975
2.00052
2.00181
2.0006
2.00121
2.00683
2.00696
1.98276
2.00215
1.99711
1.9884
2.00588
2.00075
1.9586
1.96305
2.0018
2.01341
2.00353
2.01199
2.01811
2.01567
1.99853
1.98336
1.979
1.99366
2.0103
2.00492
1.99413
1.98926
2.00627
1.98085
1.99228
1.99219
1.98537
1.99157
2.00025
1.99955
1.98382
2.01147
2.01189
2.01128
2.00121
1.99859
2.01344
1.99461
2.0001
1.99273
2.00687
2.00116
2.00979
2.00249
1.98809
2.0153
2.00346
2.01175
2.00014
1.96429
1.99115
1.99881
1.99486
1.98217
1.98974
1.99334
2.00505
1.98052
2.00004
1.99211
1.98202
2.00118
1.99278
2.0231
1.9951
1.99505
1.988
1.99496
2.00633
1.99872
2.00077
1.99188
1.99267
2.0037
1.99732
2.00028
2.00966
1.99905
1.99094
2.00191
2.00049
2.02387
1.9969
2.02813
2.01143
1.99069
1.99402
2.00654
1.99204
1.9791
2.01835
2.00681
1.99644
1.9943
1.99166
2.02141
1.99639
2.01325
2.0034
1.97364
1.98366
2.00161
1.99189
1.9974
1.97497
1.9981
1.97086
2.00774
2.00665
2.0003
2.02109
2.0135
2.00602
1.99258
1.99053
2.01923
1.98952
2.00466
1.97843
1.9945
1.99948
1.99652
2.00156
2.01036
2.01837
1.98279
1.98846
1.9955
2.03202
1.98295
1.99462
2.00426
2.00013
2.01069
1.99268
2.01515
1.98646
1.97966
1.99098
2.00743
2.01097
1.97975
2.01137
1.98831
1.98431
1.98311
2.01705
1.98434
2.01048
1.99646
1.99464
1.9999
2.01733
1.9921
2.01126
1.99845
1.99946
2.00579
1.9945
2.00061
1.98824
1.98136
1.97374
1.97368
1.99663
2.01305
2.00693
2.01839
1.97414
2.00834
1.99086
1.99232
2.00816
2.01463
1.98915
2.00022
2.00163
2.01263
2.02126
2.01663
1.98433
1.98564
1.98734
1.98124
1.98816
1.99039
2.00057
1.99556
2.01302
2.00157
2.00433
2.03925
2.01389
2.00735
1.9805
2.01526
2.00816
2.00215
1.99462
1.95968
1.99451
2.00852
2.01494
2.00429
2.01572
2.00694
1.97225
2.0052
2.00412
2.0024
2.0104
1.98805
1.9949
2.00413
2.00308
1.98535
2.00345
1.98208
1.98063
1.98852
2.00077
1.98442
2.00317
1.99495
2.00452
1.97716
2.00817
2.00373
1.98531
1.99509
1.98665
1.97339
1.98879
1.98623
1.98337
2.00896
1.97491
1.98221
1.99563
2.00013
2.00025
2.00171
2.01938
1.97569
2.00617
2.01713
2.00446
1.997
1.99502
1.98009
2.01498
1.99622
1.99732
1.99334
2.00142
1.9949
2.00751
1.98269
2.01483
2.0202
2.01594
2.00686
2.00134
1.98004
2.00107
1.97682
2.02
1.98349
2.00011
1.99185
1.99372
2.00563
1.99488
1.98999
2.01191
1.98899
2.00457
1.97489
1.99408
2.00157
2.01355
2.00455
2.02759
1.97521
1.99266
1.97512
2.00964
1.98717
1.9791
1.97941
1.99808
1.97137
1.99912
1.98609
1.99003
1.99405
2.00131
2.00432
2.01618
2.00122
1.98746
2.01482
2.00343
2.00534
2.01697
2.0119
1.9981
2.00208
1.99591
2.01705
1.98017
2.01361
1.9952
2.0096
2.0257
2.01235
1.96765
2.00092
2.00731
1.97778
2.00923
2.02745
2.01275
2.02162
1.99874
1.98427
2.0124
2.01109
1.99815
1.99374
1.99073
1.9848
2.01003
1.99886
2.00844
1.98703
1.97039
2.00761
1.9915
2.00244
1.98013
1.99587
2.00139
2.02948
1.97179
1.99104
2.02715
2.00426
1.98435
1.99624
1.99155
1.99022
2.01708
2.00876
2.00316
2.0289
1.97655
1.99204
2.01168
2.0152
1.9873
2.00339
1.98615
1.99526
1.97902
2.0023
1.98038
1.99574
2.00132
2.01431
2.01206
1.9739
2.00194
1.98803
2.01936
1.97006
1.98018
2.0117
2.00887
1.97452
1.98537
2.00027
2.01385
1.98323
2.00564
2.01551
2.01208
1.999
1.99116
1.99927
1.96135
2.0118
2.00755
1.98775
2.00384
2.01687
1.99592
2.00007
1.98578
1.98283
2.00006
1.97592
2.00395
2.00362
1.99735
2.01748
1.99459
2.00796
2.00688
1.96732
1.9912
1.98454
1.99485
2.02349
2.01114
1.99067
1.98627
1.98349
1.9828
1.98315
2.00585
1.99215
1.98943
2.00179
2.00097
2.00352
1.96956
2.00498
2.00697
1.98907
1.99785
1.99968
2.00636
1.99966
1.99219
1.98917
1.99734
1.97932
2.01889
2.00936
1.99812
2.01455
2.00268
1.99568
2.02726
2.01854
1.98595
2.0063
1.98987
2.00426
2.01028
1.98388
1.99304
2.00747
2.02022
2.0019
2.01501
1.98345
2.00064
2.02324
1.99086
1.98457
2.00775
1.97343
1.99383
1.98158
1.99251
2.01132
1.98661
2.01387
2.02223
1.99082
2.00332
2.00172
2.0161
2.01138
1.9682
2.00272
2.0004
1.99796
1.98467
1.99642
2.02851
2.01827
1.99095
1.99073
1.97778
2.01444
2.00965
2.00663
2.02244
2.02845
2.01068
2.00925
1.99595
2.02347
2.01606
1.99355
1.99082
2.0109
2.00311
1.98598
1.99827
1.99313
2.00279
2.00706
2.01443
2.00949
1.99265
1.98509
2.03302
1.97415
1.96549
2.00769
2.01376
2.00309
1.98089
2.01774
1.97894
2.00774
1.97
2.00959
2.00945
1.98763
1.97826
2.00283
1.99495
2.0064
2.00089
1.96888
2.01364
1.9874
1.9894
1.99495
1.98857
1.98786
1.99814
1.99147
1.99072
2.01807
1.99903
2.00619
1.97587
1.98453
1.98663
1.98604
1.99451
1.98313
2.01574
2.01242
2.00429
2.01194
1.99379
2.02371
2.03404
1.9928
1.99351
1.99903
1.99447
2.00021
2.01014
1.99146
1.98249
1.98603
2.00125
1.99105
2.02006
1.99381
2.00581
2.01032
1.9991
1.98396
2.00398
1.99749
2.00155
1.97943
1.98772
1.99759
2.00561
1.98003
2.00056
2.00049
1.98261
1.98712
1.99157
2.01236
2.00433
1.97238
2.00091
1.99412
1.99551
2.01648
2.01875
1.96454
1.99906
2.00867
2.00111
1.98666
1.9972
1.99488
2.02017
1.98444
1.98219
1.9993
2.02363
2.03254
2.00346
2.03536
2.01297
2.00482
1.98112
2.00069
1.99037
1.99615
1.99962
2.00641
1.99701
2.00832
2.00596
1.97285
2.00754
2.02003
1.99761
2.00286
1.99685
2.02341
1.99579
2.00286
1.97956
1.99051
2.0089
1.98706
2.01731
1.99049
2.02015
1.98634
1.97766
2.00751
2.01662
1.98693
2.00683
1.99113
2.02877
2.00155
2.01355
2.01225
1.99596
2.00066
2.01717
2.00976
2.00397
1.99412
1.9949
1.99139
1.97982
2.01399
1.97576
2.00186
2.00569
1.98135
2.00146
1.9919
2.01296
2.00707
1.99718
1.99333
1.98048
1.97785
2.00061
2.00498
2.00962
1.99251
1.98838
2.01038
2.00592
1.99429
2.0119
2.00204
2.01605
1.99812
1.99864
2.01192
2.0178
1.99445
2.01527
2.01783
2.01146
1.98481
1.99737
1.9987
2.00524
2.01374
2.0077
1.97588
2.01353
2.00306
1.97993
1.98507
1.99775
2.00977
1.98698
1.99353
1.97603
1.98751
1.97655
1.99296
2.02053
2.02073
2.013
1.98672
1.98957
1.97887
1.98672
2.00034
2.00654
2.02085
1.98131
2.00744
1.99837
1.97649
1.99069
1.9788
2.01216
2.00054
1.99606
1.99231
2.01324
2.0101
2.00065
1.99381
1.96357
1.99312
2.00488
2.01057
2.0001
1.99502
2.00314
2.00688
1.9982
2.00463
2.01352
2.00504
2.0015
2.01189
1.99741
1.99705
1.99195
2.01827
1.98728
1.99254
1.99883
2.02805
2.01428
1.99581
2.00449
1.97416
2.01683
2.01667
1.9946
1.96348
2.0222
2.00002
2.0086
1.97255
1.99135
2.00558
1.98293
2.00496
1.95899
1.99492
2.01909
1.99251
1.99393
2.01677
2.01344
2.00336
1.99948
1.98263
2.01114
1.99198
1.98677
2.00471
1.98284
2.02622
1.96776
2.01391
1.99162
2.01882
2.00539
2.03121
2.01059
1.99929
1.98761
1.98731
1.9947
1.98586
1.97668
2.00461
1.99162
2.02947
2.02041
2.01212
2.00582
1.98024
1.99459
1.986
2.00539
2.01989
2.01839
1.99576
2.00292
1.98858
1.97377
2.00129
2.00841
1.98825
2.02438
1.99687
1.96275
1.98904
2.00999
1.97078
2.03157
2.02371
1.98237
1.99796
2.00355
2.01981
2.00929
2.0188
2.0053
1.97313
1.9986
1.98985
1.99664
1.99069
1.97964
1.98737
1.98383
2.00193
1.99936
1.9927
2.0155
1.99769
2.00757
1.98339
1.9938
1.99579
1.98994
1.99471
2.00589
2.00226
1.99685
2.00088
1.99858
1.98593
1.99179
1.97529
2.01073
1.99399
1.97732
2.00813
1.97656
2.01117
2.0011
2.00734
2.0166
2.00805
2.01852
1.99767
2.01578
1.98922
2.01457
2.00493
1.98746
2.00535
1.9872
2.00083
2.00378
1.99772
2.00636
1.99822
2.02258
1.99163
2.01843
1.9853
2.00467
1.99716
2.01064
1.98553
2.00549
1.99623
1.98786
2.01198
2.01584
1.98859
1.97187
2.0096
2.00803
2.00267
2.01152
1.98719
1.99252
2.02516
1.99877
2.01042
1.99712
1.99584
1.98538
2.01254
1.99296
1.99554
1.9999
1.98649
2.00935
2.0023
2.00319
1.99217
1.98203
2.0037
2.0076
2.01891
1.99788
1.99311
2.00726
1.99393
1.99601
2.02565
2.00664
2.00726
1.98546
2.00877
2.00774
1.9804
1.98231
1.97913
2.0122
1.99996
1.9872
2.00935
2.00765
2.00278
2.00319
1.9775
1.9672
1.99884
2.01559
2.00581
1.98522
2.00791
2.00974
2.01417
1.98653
1.98918
1.9845
1.98553
1.98804
1.98101
2.03652
1.99119
2.01046
1.99395
2.02645
2.00307
2.01379
2.00725
2.00988
1.99815
2.01735
2.00161
2.00198
2.00834
1.99994
2.01128
1.97747
1.99953
1.99181
1.98953
2.00051
2.02345
2.00516
2.00576
1.99244
1.99402
2.02286
2.0089
2.00244
2.03465
1.99562
2.00922
1.99285
2.00931
2.00906
2.01197
2.00144
1.98519
1.97999
2.00037
1.99593
1.99597
2.04339
2.01274
1.98867
1.99915
2.00583
2.02225
1.99593
1.98064
2.01204
2.00311
1.9876
2.00356
2.00362
2.00013
2.00538
2.01356
1.97503
2.0034
1.98407
2.01084
1.98119
1.99026
1.99036
2.01887
1.98603
2.00616
1.99244
2.01022
1.97904
1.99959
1.99054
1.99714
2.00683
1.9996
2.00819
1.99926
1.98868
2.00417
2.01916
2.01228
1.99346
2.00675
1.96614
1.99451
2.01804
1.99772
2.01939
1.98378
2.0197
2.01216
2.00027
2.01438
2.00964
2.00361
2.00416
1.99764
1.9861
1.98313
2.00492
2.01558
2.00131
2.01485
2.00078
1.99306
2.01732
1.97971
2.00333
2.00554
2.00172
1.99558
2.02812
2.02299
1.99453
2.01384
2.00254
2.0157
2.01071
1.97363
1.98464
2.01145
1.99082
1.98699
1.99489
2.01485
1.99248
1.99738
2.00672
1.99594
2.00466
1.99244
1.96819
2.01558
2.00186
2.00308
1.98276
1.9856
1.99951
2.01344
2.02741
2.02672
2.00374
1.9889
2.01024
1.99546
2.00079
2.02944
1.98448
1.99622
2.03317
1.99081
2.02055
1.99886
1.99946
2.01023
2.00556
2.0232
2.02815
1.99461
2.00154
1.98075
1.98714
2.00557
2.02181
1.98321
2.00369
1.98537
2.01527
2.03306
2.01816
1.99374
1.99815
2.00412
2.00173
1.97524
2.00503
1.98962
2.01419
1.99491
2.00712
2.00625
2.00115
1.99401
2.01738
2.00705
2.0201
2.02697
2.00762
2.0309
2.01784
1.97384
2.01569
2.01249
2.01234
2.00488
2.0075
1.98229
2.01167
1.99314
1.98547
1.98258
1.98816
1.9986
1.99837
2.00659
1.97195
1.99368
2.02182
1.98907
1.98928
1.99341
1.98642
1.97608
1.99169
1.99301
1.99917
1.99493
2.00033
2.00132
2.02041
1.98841
1.99372
2.0033
1.99695
2.01786
1.98568
2.00095
2.00922
2.00085
2.00203
2.00709
2.00549
2.00085
1.97828
2.01316
1.9992
2.00168
1.98699
1.98595
1.98078
1.98306
1.98399
1.97282
1.99262
1.99917
2.00542
2.02437
2.00042
2.00289
1.99265
1.99336
1.9989
2.01264
1.96849
1.98655
1.97518
2.01398
2.00262
1.99167
2.00734
2.00398
1.98307
2.00106
1.97971
2.00092
1.9758
1.99153
1.97894
2.00396
2.03368
1.98805
1.98487
2.00897
2.00512
2.00926
2.00109
2.0128
1.99783
1.98516
1.98645
1.99245
2.00854
1.99508
1.98893
2.00644
2.00209
2.032
2.02278
2.00768
2.02104
1.9896
2.0064
1.9948
2.02002
1.98959
2.01607
1.99864
2.00785
2.00084
1.98514
2.01159
2.00851
1.97462
1.97675
1.98955
1.99702
1.99273
2.00384
2.02013
1.99305
1.98553
2.01285
2.00259
1.99298
2.02844
2.0055
2.01041
1.99978
2.00591
1.98246
2.00524
2.01124
2.00037
1.99158
2.00859
1.98693
2.00618
1.98472
2.02989
2.0061
1.97285
1.98832
2.0169
2.01962
1.99394
1.98905
1.99115
1.98487
2.02296
2.01058
2.01095
2.03611
2.00251
1.98788
2.00309
2.00294
1.9996
1.98024
2.00289
2.00498
1.98928
1.982
2.00577
1.99961
1.97613
2.00638
2.01866
1.9918
1.99798
2.0014
2.00433
1.98674
1.99136
2.01423
1.99271
1.99257
1.99694
2.03572
2.00814
2.00049
1.99189
2.00037
2.00306
2.01034
2.00349
2.00586
2.00653
1.99417
1.99908
1.99717
2.03828
1.99995
1.99613
2.00942
2.01329
1.99554
2.01547
1.99184
2.00558
2.00858
1.99295
2.01423
2.00467
2.00046
2.01022
2.02483
2.01539
2.00116
2.0124
2.00347
1.9727
1.98256
1.99826
2.00908
2.02022
1.9945
1.99318
2.00371
2.00768
2
1.97976
2.0025
1.99432
2.00852
2.00776
1.98496
1.98606
1.99186
2.00546
1.9948
2.00916
1.9733
2.00796
1.99923
1.98769
1.99947
1.99514
1.99091
1.9925
2.02137
1.97493
2.0192
2.01415
2.00456
1.99514
1.98772
2.01079
1.97966
1.99564
1.99254
1.99816
2.01578
1.99535
2.02637
1.96082
2.00039
1.98359
2.00863
2.00593
2.01518
1.99674
1.99005
1.9898
2.01674
1.98415
2.00107
2.00823
1.99894
2.00459
2.00867
2.01365
2.00814
1.98966
1.98607
2.00085
2.00737
2.0171
2.01562
1.98101
2.00982
1.99134
1.99019
1.99417
2.00787
1.99331
2.02949
1.97769
1.99578
2.0212
1.97648
2.02669
1.97565
2.00071
2.00433
1.98592
2.0119
1.98233
2.00032
1.99857
1.98784
1.98779
1.98281
1.99824
2.01015
1.99327
2.00086
2.0056
1.99449
1.99304
2.02247
1.99472
2.00969
2.00977
2.00307
2.01306
1.996
1.99947
2.00908
1.99366
1.973
1.98576
1.97823
1.98932
1.98669
1.98583
2.01279
1.97105
1.98736
1.97858
1.97755
2.01325
2.01444
1.99876
1.99889
2.00037
1.98578
1.98578
1.99796
1.99483
1.98808
2.01793
2.01809
2.0139
1.99778
1.99121
1.98812
1.95491
2.0011
1.99476
1.99639
1.99968
1.99255
1.99236
2.01395
1.98315
2.00091
2.00196
2.0098
1.98651
2.00728
2.02488
1.96756
2.00722
2.00177
2.01384
2.01089
1.99934
1.99425
1.99108
1.99416
1.98545
2.00317
1.99185
2.00265
1.99748
2.00652
1.98919
2.01914
1.99363
1.9838
1.98041
1.99359
1.99697
2.01148
1.98793
2.02612
2.01975
2.00574
1.9854
2.01055
1.98065
1.9942
1.98071
2.01958
2.00993
1.98827
2.01743
1.99144
2.00088
1.99363
2.00592
1.99743
1.97963
1.99212
1.99791
2.00888
1.99271
1.96841
2.00263
1.98232
1.99306
1.97349
1.98959
1.99902
2.00614
1.99785
2.04409
2.00794
1.96301
2.00966
2
2.00032
2.00341
2.00503
1.98723
2.00101
1.98655
1.9687
1.99472
1.98973
1.98595
1.98525
1.99825
1.99296
1.98294
2.00344
2.00291
1.99542
1.98815
2.01022
1.99107
1.99102
1.98869
2.02706
1.98907
1.99007
2.00347
2.02782
1.99027
1.98563
1.9708
2.02163
2.0127
2.02108
1.99239
2.01187
1.99075
2.01467
1.97897
2.01849
2.01581
2.01268
1.97998
2.0052
2.00388
1.99445
2.00604
2.00763
2.00515
2.01417
1.99961
2.00081
1.99156
1.99865
2.01549
2.01249
1.97955
2.00983
1.99778
1.98612
2.00359
1.99388
2.00801
2.00667
2.00532
2.01389
1.98745
2.00593
1.99067
1.97311
1.99561
2.01868
1.99282
1.99597
2.00739
1.97391
2.00524
2.00161
2.00688
1.98877
2.01095
1.99918
2.01898
2.01299
2.01404
2.00324
1.99694
1.99011
1.99764
1.9905
1.99413
1.99702
1.98972
2.00665
2.00267
2.0067
2.00077
2.01712
2.01778
2.00611
2.01281
1.98704
1.99557
2.00545
2.01111
1.99815
1.98209
2.0278
1.99109
2.00801
1.98907
1.99793
2.00926
2.01085
2.00582
2.00114
1.99558
2.00216
1.99948
1.98234
1.95379
2.02369
2.01878
2.00467
2.00738
1.99749
1.9888
2.00619
2.00626
1.99197
1.98627
2.01266
1.99427
2.00041
2.00931
2.01275
1.99001
2.00089
2.0102
2.01467
2.00646
1.99746
1.98748
1.99234
1.99984
1.98088
2.01267
2.00517
2.00611
2.0083
1.98923
2.01058
2.00913
2.00206
1.98864
2.00188
2.00202
1.99373
2.01032
1.99611
1.98828
2.00724
1.99169
2.00725
1.99586
1.957
1.99275
1.99118
2.01265
2.00757
2.02383
2.01107
1.99443
1.99604
2.00988
1.99792
2.01212
1.99098
1.99807
1.99913
1.9953
2.03834
2.01671
2.00244
2.0052
2.0101
1.99351
2.02447
1.99
2.00906
1.99462
1.97593
1.98671
2.02671
1.99174
2.00011
1.99148
2.0108
2.00221
1.98354
1.98408
1.9921
2.00519
1.99742
1.99371
1.98846
2.00267
2.0199
1.98672
1.98376
1.99671
2.01055
2.00448
2.02892
1.99406
2.0052
2.01851
2.01607
2.00647
2.00432
1.98775
2.00625
1.9942
1.99994
2.01323
2.00371
1.99994
1.99811
2.00852
1.99338
2.00857
2.0129
1.99774
2.01024
2.00651
2.00859
1.98571
2.01784
2.00099
2.00478
1.99876
1.99811
2.00031
2.00477
1.99378
2.00511
1.99639
2.04379
2.00128
1.99346
1.99259
1.97791
2.00903
2.0078
2.01547
2.01607
1.99587
2.01085
1.99706
2.00248
2.00212
1.99814
1.98892
2.0127
1.97642
1.99635
1.99507
2.00607
2.02979
1.99605
1.99871
2.0081
1.97982
1.995
1.972
2.01298
2.00015
2.00606
2.00288
2.01264
1.99621
1.99627
2.02568
2.02683
1.98801
2.00221
1.98428
1.99293
1.99873
1.98847
2.00015
1.9786
1.99597
1.98849
2.00994
1.99758
1.98389
1.97464
2.00905
1.99202
2.01184
2.01089
1.98846
1.99407
1.99914
2.02215
1.9872
1.98373
1.99127
1.99798
2.02339
2.00612
2.02041
2.03107
1.99196
1.99917
1.99818
2.00833
2.0097
2.03002
2.00004
1.98971
2.01848
2.0065
1.99266
2.01393
2.01607
1.97265
1.99581
1.99963
1.99577
2.01407
1.98319
2.00154
2.01051
2.01356
2.01992
1.99516
1.99185
2.01896
1.98647
2.01996
2.00178
2.01257
1.99955
1.9982
1.99704
2.02068
1.9927
1.99549
1.98625
2.00083
2.00491
2.00685
1.9781
1.9909
2.00898
1.99966
2.00708
1.98752
2.01039
1.9836
1.99575
1.98866
1.99485
2.00436
2.01949
2.00879
1.97022
1.99503
2.034
1.99099
2.00398
1.9789
2.01554
1.98631
2.00314
2.01302
2.00503
1.99292
1.9933
2.00125
1.99933
2.00376
2.00715
1.968
1.99031
2.00343
2.01372
1.9919
1.98421
2.0072
1.9776
2.01078
1.98382
2.02381
2.00965
2.00152
1.99983
2.01584
1.99639
2.00062
1.99394
1.98988
2.00356
1.99129
1.99212
1.99346
1.97028
1.98044
2.00654
2.02835
1.98134
2.00338
1.99362
2.00555
2.00482
1.98827
2.00031
1.9999
2.01059
2.01193
2.00015
2.00212
2.0051
2.00075
1.97608
1.99941
1.98986
2.00611
2.00427
1.98423
1.98885
2.00709
1.9811
2.0195
2.02073
2.00859
2.02306
2.0014
1.97556
1.9915
2.00874
1.97444
1.99995
2.00422
2.00311
2.00478
2.00868
2.01961
2.00341
2.00843
2.00902
1.98459
1.97879
1.98767
1.97152
2.01953
1.98543
2.00476
2.01748
2.00634
1.9812
2.02397
2.00115
1.98374
1.99817
1.99029
1.99471
1.99117
2.01296
1.97491
2.00205
2.0049
2.0185
1.98096
2.00521
1.99122
2.00736
1.98886
1.99525
2.01152
2.00857
2.00966
1.99986
2.02131
2.00455
1.98025
2.00231
1.99717
2.00038
1.98804
1.9979
1.99562
2.01288
1.98411
1.99855
1.99852
1.99639
1.99171
2.01691
1.99979
2.00796
2.02002
2.00112
1.98018
2.00578
1.99784
2.0074
2.00428
1.99196
2.00773
2.01067
2.00574
2.00607
1.97673
2.01881
2.02072
2.00344
1.99383
2.00268
1.97595
2.0127
2.0108
1.99498
2.01682
1.99529
1.98126
2.00406
2.00963
1.99648
1.99922
1.99715
2.00406
1.97775
2.00975
1.99185
1.9995
1.96169
1.99529
2.00839
1.99092
2.00654
1.98862
2.01705
2.01412
1.99378
1.99677
2.00892
2.00298
2.01099
1.99773
1.99893
2.02336
2.01511
2.01427
1.98486
2.00019
2.01419
2.00125
2.00094
2.00119
1.97786
1.99688
1.98105
1.9992
2.02011
2.01125
2.00457
1.99487
1.99273
1.98652
1.99213
1.98978
2.00639
1.98933
1.99664
2.01506
1.98565
1.96707
1.98324
1.99552
1.99805
2.00903
2.02793
2.0056
2.01662
1.98557
2.0167
1.984
1.9906
1.99781
1.98801
2.00954
1.98153
2.00086
1.99632
2.01315
1.99048
1.98621
2.02845
2.01777
1.99872
2.00929
2.01783
2.00344
1.99177
1.99549
2.02689
1.99628
1.98068
1.99596
2.00244
1.99834
2.00936
1.99179
2.00164
2.01728
2.01391
2.00288
1.99797
2.0015
1.99887
2.00624
1.9893
1.98021
2.00414
2.01997
1.99122
2.02145
1.99626
1.97962
1.99627
2.0113
1.97992
2.02294
2.0087
1.9882
2.00243
1.97943
1.99346
2.01271
2.02307
2.01585
1.99094
1.99951
1.98423
2.02787
2.01481
2.0097
1.98206
1.99134
1.99502
2.01446
1.9689
1.9938
2.00656
1.99551
1.98213
2.00867
1.98902
1.98096
2.05105
1.99094
2.00616
2.00711
1.98611
1.97519
1.98079
1.96674
1.98819
2.01554
1.99145
1.99614
2.01039
1.99247
2.01613
1.99894
1.99706
1.98412
1.99245
2.00294
1.98501
1.97961
1.99185
2.00489
1.99813
1.99735
2.01235
2.01657
1.9992
1.9854
2.02265
1.99894
2.0076
1.97266
1.99607
1.99804
1.99638
2.00387
1.98366
1.9963
2.0054
1.9918
2.00174
2.00008
1.9823
2.00776
1.96959
2.01104
2.01933
1.9919
2.00185
2.00554
1.9868
1.98791
2.02807
1.99702
2.01396
1.98581
1.99585
2.012
1.99929
1.99401
1.98593
1.98899
1.99085
2.01248
1.99419
1.981
2.00892
1.99832
1.98255
1.98265
1.99892
2.00411
2.0156
2.00552
2.02952
2.01602
2.01799
1.97358
2.0001
1.99941
1.97476
2.00257
2.00363
1.97926
1.98606
1.96129
2.00603
1.99949
1.99645
2.00683
1.99785
1.98878
2.01932
2.00172
2.00453
1.99091
1.99552
2.00934
2.00517
1.98443
2.02086
1.98608
2.00703
1.99295
1.98734
2.00897
1.97668
1.97861
1.96712
1.97397
2.00467
2.00026
2.01061
1.99412
1.9927
2.00488
2.02498
1.96969
1.98453
1.98865
1.99656
2.00145
2.01145
2.00551
1.9941
2.0073
2.00661
2.02546
1.9816
2.01096
2.02016
1.99055
1.99755
1.99815
2.01917
1.99367
1.98591
2.01792
2.01488
2.03342
1.98237
1.97771
1.98049
1.98924
1.97872
2.00865
2.03548
1.97751
1.98374
2.00404
2.01526
2.00962
2.00184
2.03552
2.03173
2.03283
1.99335
2.01079
1.96686
1.99283
1.99405
2.00254
2.00891
1.98516
2.01148
1.99918
2.00023
2.01729
2.02725
1.96961
1.98906
2.02129
1.98978
1.98943
2.02463
2.00772
1.98591
1.98327
2.00971
2.00589
1.97588
2.02153
2.01195
2.00897
2.01464
1.99007
2.00073
2.02007
1.98309
2.00092
2.02144
2.01667
2.00152
1.9808
2.00731
1.99571
2.00111
2.0118
2.00381
2.01693
2.0184
2.02043
2.00691
2.00425
1.98544
1.98678
2.0188
2.00857
2.0207
1.99511
2.01105
2.01377
1.98453
2.00789
1.98644
1.99911
1.9878
1.99977
2.016
2.0246
2.00935
1.97823
1.98697
1.97969
1.99076
1.9941
2.01804
1.98153
1.98303
2.00879
1.99572
1.98292
2.00013
2.01254
1.99046
1.99622
2.01648
1.99639
1.98337
2.00935
2.0064
1.99874
2.01817
1.99707
1.99095
2.00849
2.02245
2.00793
2.00671
1.98366
1.96858
2.00149
2.01783
1.97758
2.02192
1.99343
1.97796
1.99292
2.01882
2.00023
1.99401
2.01437
1.967
2.00189
2.00415
2.00498
1.99888
2.01323
1.97665
1.99642
2.00551
1.9939
1.99048
2.00138
2.01738
2.01015
2.00796
1.99953
1.99593
2.01451
1.98688
1.99805
2.00728
1.99025
1.9929
2.00248
1.99425
2.01161
2.00076
1.99306
2.00412
1.99636
1.98805
1.99179
2.01536
1.99314
1.99108
1.99108
1.99007
1.99431
2.01711
1.98958
2.0108
1.98639
1.98726
1.98959
2.01639
1.98661
2.01375
1.98693
1.99036
2.01381
2.01389
1.96204
2.01951
2.01019
2.00253
1.98968
1.99054
1.98994
1.98642
2.02629
1.99813
2.00907
1.99167
1.9851
1.99316
2.01362
2.00966
1.98364
2.00186
1.99065
2.04581
1.98136
1.9961
1.99398
2.02551
2
2.01425
2.00754
1.99933
2.0204
1.98324
1.98386
2.00072
2.01858
2.00701
1.99087
2.01712
1.98471
2.01299
2.00817
2.01286
1.98188
2.01261
1.98222
2.00261
2.01562
1.99099
2.00462
1.9933
1.96611
2.00575
1.9806
2.00846
1.98971
1.99585
2.01595
1.99668
1.99429
1.99123
2.02158
2.0048
1.99515
1.99459
1.994
2.00557
2.00816
2.00646
1.97795
1.99384
2.02365
1.98595
1.98883
2.01316
1.98179
2.02612
1.99344
1.99257
2.00095
2.02234
2.01591
2.00639
1.99423
2.00882
1.97928
2.02007
1.99209
1.98659
1.99312
1.99863
1.98216
2.017
2.01019
2.01314
1.99139
1.98118
2.00773
2.00906
2.01289
2.01079
2.01903
1.9957
1.99343
1.99918
1.96575
2.00384
1.99112
1.98023
2.002
1.98499
2.01613
1.99151
2.00541
2.01306
1.98828
2.00754
2.00348
2.00706
2.0049
1.99908
1.98865
1.97153
2.00223
1.98482
1.98999
1.99708
1.98782
2.01143
2.01236
1.99683
1.99958
1.99431
1.97837
1.98532
2.00018
1.99154
2.00832
1.99599
2.01063
1.99327
1.99478
2.01139
2.00436
1.99723
1.99871
2.00851
1.98813
1.98201
1.98844
1.99185
2.03316
1.98203
2.02305
2.02389
2.01001
1.9889
1.99007
2.0076
1.99817
2.00353
2.01381
1.99605
2.00739
2.00078
2.02288
1.99525
1.99738
1.99724
2.01441
2.00709
2.01095
2.02136
2.00092
1.99732
2.01187
1.99591
2.0048
1.98493
1.98561
1.99775
2.02516
2.00167
1.98199
2.00075
1.994
1.99134
2.02331
1.99141
1.99385
1.99595
1.99752
1.99062
1.97865
2.00409
2.01255
1.98878
2.01038
2.00326
2.00071
1.97995
2.01652
2.00177
2.01342
1.98164
2.00487
1.9908
2.02746
1.9924
1.99522
1.99107
2.01923
1.98784
2.00964
1.9983
2.02497
1.993
2.01093
1.9985
2.00874
1.98923
2.00623
2.00811
1.99545
2.01571
2.03521
1.99937
1.99885
2.00852
1.9768
1.98188
1.98329
1.98294
2.00486
2.02285
2.00656
2.00623
1.97918
1.99746
2.00914
1.99654
2.00448
1.98781
2.02443
1.97479
1.98323
2.00581
1.99418
1.9933
1.98721
1.99546
1.98773
2.01536
1.98782
2.00586
1.98535
2.02603
2.01876
2.00162
1.98376
1.98498
1.98256
2.00938
2.00305
1.98108
2.02294
1.99719
1.99233
2.00469
1.98
2.02556
1.97131
1.97617
1.96575
2.00644
1.97729
2.01574
1.98693
1.96648
2.01763
2.02098
2.004
2.00003
2.02164
2.01677
1.99623
1.97631
1.99704
2.02328
2.00926
1.99714
1.99162
1.99631
1.98939
1.97735
2.00475
1.98031
1.99612
2.00469
1.9929
2.02307
2.01086
2.01818
1.99678
1.98498
1.98467
1.99321
2.00309
1.98779
1.9898
1.98064
2.01112
1.97391
2.00683
1.99725
1.995
2.00145
1.99076
1.99366
1.99053
1.99119
2.02876
1.98714
1.98629
2.00573
2.00505
1.9922
2.00897
2.00472
2.00221
2.00608
1.97802
2.01435
2.00482
2.00688
1.98399
1.99631
1.9957
2.02028
1.9841
1.99148
1.98768
2.00705
2.00015
1.97819
2.01238
1.99974
1.99806
2.00746
1.97048
2.0155
1.99113
1.98263
1.98535
2.01015
1.98809
2.00651
2.00478
2.00595
2.02136
2.00368
2.01991
2.0078
2.01625
2.01798
1.9956
2.00423
1.99447
1.97796
2.00736
2.00376
2.01907
2.01937
2.00781
2.00559
2.04016
2.02409
1.994
2.01987
1.9974
1.95569
1.99325
2.02056
1.98712
2.00355
1.9728
2.00718
2.00558
2.02284
2.00566
1.99809
2.03693
1.98996
2.0065
2.00145
1.99118
2.00774
2.00266
2.00692
1.99982
2.00412
1.98368
2.0171
1.98882
2.00294
2.01588
2.01237
1.98104
1.99953
2.01241
1.99446
2.01066
1.99677
1.99142
1.98559
2.022
1.99527
2.00335
1.98971
2.01022
1.98949
2.02015
1.99994
1.98611
1.95725
2.01342
2.00023
2.00698
2.00718
2.0258
1.97987
2.00463
2.00069
1.99074
1.9912
2.01614
2.02706
2.00128
2.02517
1.98561
2.01681
2.00381
2.00183
2.00493
2.01994
1.97848
1.97481
1.99342
1.98856
2.0146
1.99366
2.02225
1.99484
2.0042
2.01424
1.99608
1.98689
2.01103
2.04913
1.98392
1.99499
2.00839
1.9793
1.98551
1.96595
2.00689
2.03378
1.9961
2.01608
2.00904
2.0094
1.98119
1.9968
2.00416
2.03635
1.99032
2.01947
1.99576
2.00393
1.97286
2.00853
1.99416
1.98865
1.98185
2.01693
2.01117
1.98719
1.99756
1.97956
2.0181
2.01101
2.006
2.00957
2.01191
1.99061
2.03116
2.00893
2.01215
1.98903
2.01927
2.02429
1.98643
2.00248
1.99181
2.02345
2.00761
1.96364
1.99446
2.00271
1.99835
1.99808
2.01091
1.99975
1.99542
1.98875
1.99022
2.00107
2.0098
1.99418
2.00254
1.98519
2.01
1.98942
1.97879
2.00566
1.96401
1.98616
1.97882
1.98709
1.99037
1.98878
2.00899
1.99664
2.01009
2.0186
1.98391
2.01678
1.98896
2.00037
1.99378
1.9874
1.98572
1.99276
2.01033
1.99194
1.99306
1.98343
2.00341
1.99022
2.02019
2.00108
1.99921
2.0033
1.98705
2.01828
1.99427
2.01539
2.00934
2.03319
2.00957
1.96039
1.9887
1.99585
1.97989
2.00055
2.00326
2.02253
1.98884
1.97193
1.98333
1.99456
2.01581
2.01035
2.01886
1.97392
2.0091
2.0076
2.00287
1.98242
1.99722
1.96822
1.98265
2.00517
1.97311
2.01966
1.97076
2.0176
1.99583
2.01083
2.02957
1.98645
2.01502
2.0305
2.03945
2.00453
1.99607
1.99377
2.01288
2.01693
2.00611
2.01609
1.9965
2.00525
2.0028
1.98842
1.99067
1.98973
1.99114
2.01787
1.98616
1.99247
1.98492
1.98459
1.98905
2.00237
2.00912
1.97472
2.0183
2.00089
2.00299
2.00503
2.01226
2.00157
2.02431
1.99486
2.00218
1.99169
1.99486
1.99994
2.00565
2.00864
2.00604
2.02569
1.97904
1.98248
2.02083
2.00394
2.02479
1.9871
1.97074
2.00674
1.9978
2.00748
2.00492
1.99519
2.00985
2.01797
2.0194
1.99062
2.00536
1.99602
2.00349
1.9933
2.01765
1.98165
1.98234
1.98282
2.01308
2.01716
2.01992
2.02622
1.99475
2.01461
2.00669
2.02155
2.00545
2.00829
1.98639
2.01456
1.98262
2.02411
2.0058
2.02883
1.99396
2.0067
2.02408
2.01103
2.01514
1.9907
2.00527
2.01131
2.01624
2.01098
2.01028
1.99535
2.00133
1.9896
1.99646
1.99705
1.99034
2.00031
1.99953
2.00569
1.99113
1.99825
2.01431
2.00451
2.00054
2.02334
1.97983
2.02236
1.99227
1.98415
1.99758
1.98093
1.99671
2.01445
2.02445
1.98238
2.00987
1.99994
1.9737
2.01745
1.98121
2.00964
2.00373
1.99346
1.98211
1.98138
2.02191
1.9978
2.00141
2.01692
2.00485
1.98169
1.98106
2.00578
1.98756
1.99878
1.98726
1.99695
1.98528
1.99433
1.99348
1.99427
1.99448
2.00206
2.00293
2.00942
2.03133
1.98486
2.00694
1.99698
2.01564
2.01827
2.00292
1.99996
2.00594
2.01427
1.98741
1.99279
1.9893
2.02169
2.00382
2.014
1.98665
2.00948
2.00262
1.99198
1.96897
1.9948
1.97965
2.01026
2.02261
1.9946
1.98872
1.99921
2.03502
1.99933
1.98382
2.00596
1.99777
2.00696
1.99521
2.00662
2.00568
2.01069
1.99995
2.00563
2.01269
2.00835
2.00912
2.00043
1.97975
2.01177
1.99813
1.99836
2.02125
2.00529
2.03395
1.9898
2.01484
2.00771
1.99979
2.00739
1.99788
1.99868
2.00534
2.0087
1.99212
1.99437
2.00018
1.99972
2.01308
2.00473
1.98688
2.00205
1.99687
2.0182
2.01633
1.97705
2.00053
1.97937
1.97862
2.00825
2.00535
2.00461
1.96957
1.99239
2.00543
2.00919
1.99305
1.99353
2.01158
1.98638
1.9984
2.01153
1.99836
1.98893
1.99302
1.98994
1.98449
1.99755
2.00867
1.99873
1.9714
1.98555
2.00186
1.98276
1.99929
2.00478
2.01075
2.01679
1.9759
2.00776
1.99611
2.01982
1.99573
2.00649
1.99571
2.00179
2.00226
2.02065
1.98775
1.99751
1.98943
2.00178
1.98717
2.01781
2.0001
1.98703
2.0033
2.01384
2.01706
2.02458
2.02176
2.01387
1.99149
1.98671
1.9896
1.98459
2.03318
1.99812
1.99499
2.00124
1.98993
1.99216
1.99853
1.99322
1.99096
2.01588
2.00011
1.98192
2.00341
1.97324
1.99242
2.00594
2.02066
1.97667
2.00804
1.98555
1.98457
1.99705
2.00689
2.0168
2.00801
2.01615
1.9765
2.00931
2.01775
2.00944
2.01085
2.02083
2.0174
1.99763
2.02085
2.00164
2.02039
1.98668
1.99953
1.97134
1.98756
2.00932
2.03543
2.02089
1.99298
1.99901
2.00296
1.99941
2.00618
1.99924
2.00176
1.9754
1.99075
2.01422
1.98018
2.00504
1.98761
1.99467
1.98684
1.99787
2.02044
1.98964
1.98952
2.01879
2.00438
2.00201
1.99373
1.99996
2.00177
2.00011
1.99576
2.01716
2.00119
1.99412
1.99553
1.9884
1.98688
2.01094
2.01031
1.9797
2.01739
2.00061
2.01598
1.98527
1.98548
2.00216
2.0132
2.0051
2.01171
1.97171
2.00593
2.0009
2.00099
2.0005
2.01101
1.99352
1.99762
1.98624
2.02227
2.0386
1.99086
1.98919
2.01648
1.98607
1.97768
1.98374
1.96595
2.02643
1.995
1.99266
1.98138
1.99564
1.97569
2.01418
1.99961
2.00051
1.9987
1.99861
2.00688
2.0123
2.00338
1.98263
2.00986
1.98874
1.9904
1.97664
1.98901
1.98678
2.0164
1.99304
2.01861
1.9791
2.01356
2.00751
2.00421
2.02332
2.00882
2.01655
1.98643
2.00186
2.01787
2.01514
2.0059
2.01543
1.99738
2.00722
2.00009
1.99412
2.00393
1.98202
2.008
1.99459
2.00781
1.99989
1.97677
2.00501
2.00857
2.00095
1.98574
2.00834
2.00273
1.99652
2.02887
2.01593
1.99503
2.00282
1.98071
1.98255
1.99572
2.00402
1.98381
1.98216
1.98977
1.97234
2.03191
2.01543
2.00323
2.00484
1.9894
2.03058
1.98974
1.99978
1.98311
1.98813
2.02588
1.9927
1.9974
2.0157
2.01445
2.01427
2.00119
2.0083
2.00764
2.02172
1.99936
1.99026
1.97129
2.00021
2.00083
2.02257
1.99764
2.01123
1.99648
2.00416
2.01425
2.01466
2.00055
1.99393
2.01659
2.00092
1.99346
1.99645
1.99405
2.00242
1.9982
2.00876
1.99316
1.99281
1.99943
2.00952
2.01436
1.98052
1.9982
2.01951
1.98694
2.00457
1.99274
2.01043
2.00097
1.98546
2.02595
1.99955
2.02039
2.0132
1.9793
2.02906
1.98571
1.99803
2.00096
2.01755
1.99541
2.01321
2.00532
2.00618
2.0087
1.99711
2.0062
1.98217
2.00505
2.0024
1.96821
1.99925
2.00622
2.00605
2.01606
2.02594
1.99655
1.99962
2.01842
1.99488
2.00624
2.00305
1.9752
2.00072
2.001
2.00912
2.01422
1.98831
1.99268
2.00272
1.98813
2.00497
1.9987
2.00716
1.98632
2.02608
2.003
1.98905
2.01612
1.98933
2.04082
1.99495
2.00198
2.00741
2.03745
2.00035
1.96954
1.99758
1.9895
1.99884
1.98086
1.99277
1.99726
1.99056
1.98735
2.01101
2.00636
1.98084
2.00687
1.99333
2.02056
2.00401
1.9592
1.98793
1.98468
1.99949
2.02074
2.01316
1.99292
2.0108
2.00373
1.99086
2.00395
2.01226
2.0063
1.97074
2.0099
1.99776
1.99571
2.01679
2.01412
2.02147
2.005
1.99567
1.98955
2.00459
1.99339
2.01021
2.00037
2.00922
2.01172
2.02637
2.0223
2.00102
2.00303
1.99752
1.9801
1.97981
1.99522
1.99146
1.99381
1.98656
2.01511
1.98516
1.99187
2.03038
2.01432
1.98816
1.98722
2.00203
1.97733
1.98712
2
2.02542
1.98167
2.00502
1.99819
2.0313
1.988
2.00535
1.99284
2.01504
1.99476
1.99867
2.00026
1.98489
2.00732
2.00156
1.98085
2.00767
1.98541
2.01889
2.00504
1.99462
2.01365
1.99179
2.00307
2.00731
2.01266
1.99296
1.9822
2.01171
1.9918
1.99311
1.97607
1.99995
2.00745
2.02356
1.98457
1.98983
1.98672
1.99005
2.00337
1.99272
2.00451
2.00927
1.98999
2.01005
1.99506
2.00394
2.002
2.0003
1.99795
1.99743
2.00306
1.98025
1.97938
1.98877
2.00985
2.00151
1.9935
1.99232
1.99872
1.99019
2.00783
1.99941
1.96309
2.00915
1.98743
2.00009
1.97483
2.01263
1.98387
2.00422
2.00913
2.00961
1.99774
2.00095
2.01655
2.02164
1.99998
2.00777
2.02286
2.01957
2.01052
2.01181
1.98328
2.00303
1.97732
2.0193
2.00969
2.02027
1.99866
1.98726
2.00101
2.01921
1.98047
2.03124
1.99503
1.99249
2.00169
1.99703
2.0073
1.97855
2.00549
1.99573
1.97869
1.99275
1.99842
1.9953
1.99436
2.00085
2.0038
2.00803
1.98815
2.00746
1.97108
1.99593
1.98098
2.00925
1.99515
2.02824
1.98781
2.01152
2.02106
2.01104
2.01347
1.99759
1.9939
1.99961
2.02758
1.97183
2.0128
2.00804
1.9986
1.99237
1.99685
2.00187
1.97308
2.02206
1.98773
2.0007
1.99122
2.00443
2.01542
1.99276
2.01895
1.99061
1.99082
1.99429
2.01557
1.99321
2.00094
2.01087
1.99867
1.96801
1.99015
2.00101
1.99362
2.0026
1.98019
2.01668
2.01372
2.0117
2.00077
1.99126
1.96643
1.99467
1.98524
1.99771
1.99574
2.02933
2.02227
1.99577
1.99836
2.01386
2.03247
1.99474
1.9958
2.00134
2.02015
2.00187
2.00402
1.99507
2.00708
2.003
2.0046
1.99546
2.00518
2.0062
1.97874
2.00366
2.01134
1.97694
2.0039
2.01366
1.97743
2.00908
2.00503
2.00688
1.98597
2.006
1.99921
1.99623
1.99706
2.00026
1.98969
2.02655
2.01458
2.01591
2.01485
2.01622
2.01922
2.00679
1.98741
2.04014
1.99499
2.01709
1.98458
2.01214
1.99547
2.00852
2.00413
1.99369
1.99257
2.00301
2.00634
1.97458
2.00292
2.02454
1.97491
1.99655
1.9856
2.00074
2.01281
1.99433
2.00199
2.02108
1.99232
2.02167
2.01909
1.98416
1.99135
2.01697
2.00659
1.98796
2.02057
2.01739
1.99077
2.01205
2.00221
2.00836
2.0176
2.00741
1.97899
2.01012
2.0164
1.99641
2.01468
1.98638
1.99955
2.00398
2.0143
2.0093
2.01309
1.98602
2.02289
1.98837
2.00345
2.00678
2.01412
2.00883
1.98017
2.01631
1.97749
1.99604
1.99636
1.98017
1.9945
2.01617
2.00342
2.01264
2.00562
1.99876
1.98972
1.99685
1.99319
1.98818
2.0172
1.99065
2.00437
1.97856
1.99662
2.0129
2.0109
1.98293
1.98828
1.99085
2.00774
2.00004
2.00076
2.0079
1.99926
1.98627
2.00188
1.98118
1.99
2.00684
2.0056
2.01884
2.01605
1.97844
1.98393
1.99645
1.99244
2.00938
1.98321
2.00159
2.02201
1.99019
1.99413
1.98983
2.00386
2.00226
2.01188
1.97883
2.00098
1.98208
1.98925
1.99839
1.9972
2.0047
1.99871
2.00307
2.00172
2.00176
1.9951
1.982
1.99986
2.00323
1.98751
1.99831
2.00987
2.0151
2.01115
2.00026
2.00836
1.99309
2.01266
2.00562
1.98283
2.00301
2.0055
2.02386
1.97583
2.01089
1.98719
1.97528
1.99082
2.00236
1.98977
1.99222
2.00788
2.00514
2.01075
1.98782
2.02176
2.00346
1.98584
1.99695
1.98121
2.00652
1.97679
1.99262
2.00788
2.00651
1.97244
1.99799
2.00249
2.00174
2.0384
1.99993
1.9837
1.99531
2.01001
1.98846
1.99
2.01462
1.98063
2.00037
1.98928
2.0074
2.01603
2.00792
2.00151
1.98949
2.00553
1.99086
1.99112
1.97344
2.00126
2.00577
2.00578
1.97797
2.01463
1.98455
2.0208
1.99523
2.0143
1.99431
1.99247
1.99388
1.98407
1.99164
2.00558
2.01071
2.03283
2.00259
1.98861
1.99397
1.98287
1.98606
1.97026
1.99713
1.98366
2.00274
2.01441
2.00055
1.98747
2.00783
2.0045
2.00373
1.99126
1.98026
2.03662
2.00053
2.00791
1.98859
1.9882
2.0246
2.01881
1.9972
2.00958
2.00977
1.96691
2.00023
1.99876
2.02907
2.01241
1.9808
1.9767
2.02098
2.0139
2.00026
2.01545
1.99501
2.01831
2.0022
1.99271
1.97708
1.99446
2.01113
2.0087
1.99236
1.99482
2.00147
2.00564
2.00445
1.98612
2.01293
1.98125
1.99103
1.98959
2.01336
2.00938
2.00532
2.00894
1.99735
2.00954
1.9823
2.01292
2.00326
2.00818
2.0156
1.99896
2.00993
1.99013
1.99933
1.98906
1.9771
2.0174
1.98787
1.99993
2.01676
2.00312
2.0063
1.97946
1.98692
2.00402
1.9772
2.01284
2.00026
1.98939
2.0143
1.994
2.00223
2.00047
1.99606
1.98057
1.99265
1.98569
2.01345
1.99855
1.96871
2.03011
2.02007
1.99893
1.97471
2.01512
1.97878
2.0008
1.98687
2.0015
2.01348
2.04408
2.00447
1.99818
1.99245
1.99031
1.99254
2.01237
2.00144
1.99438
1.97128
2.00081
2.01301
1.98306
2.00083
2.00791
2.00635
1.9949
2.00062
1.9991
1.99976
2.03307
1.99479
1.9934
2.00341
1.99519
2.00918
1.98462
2.00405
2.00966
2.00814
1.9901
1.99535
2.00019
1.99179
2.00799
1.96627
2.00479
2.01426
1.99027
2.00187
1.99816
2.00577
2.00095
2.00206
2.01521
2.00638
2.02759
1.98727
1.99916
2.00007
1.98549
1.99171
2.00487
1.97545
2.00882
2.0035
1.9922
1.9925
2.02375
1.99914
2.00633
1.99299
1.99034
1.99948
2.01585
1.98055
1.99012
2.00417
2.02021
1.97542
2.00963
2.00973
1.97006
2.00674
1.98821
1.98045
1.99443
2.00834
2.01021
1.98452
1.97853
2.00673
1.98509
1.97308
2.0269
1.9868
1.98077
2.01522
1.99399
1.98489
1.98578
1.99437
2.01036
1.98091
1.98343
2.00038
1.97335
2.02494
2.00206
2.02194
2.00376
1.99539
1.99787
1.99323
1.97841
1.99364
2.0057
2.00971
2.00228
1.99674
1.97879
1.99401
2.01174
2.02449
2.00725
1.98621
2.01084
2.02402
2.02317
1.97963
2.00199
2.0008
1.99587
2.00082
2.00571
1.98097
1.99928
2.00868
1.9953
2.00589
2.0098
1.98532
2.00047
2.00453
1.99301
2.0028
2.02287
2.02656
1.99027
1.99909
1.98045
1.97197
1.98445
1.98877
1.99916
2.01013
1.99867
1.99714
2.00441
2.00981
2.01773
2.00609
2.01851
1.98968
1.99162
1.99458
1.99862
1.98122
1.99224
2.02292
2.00449
1.99445
2.00956
1.99421
1.98803
1.98846
1.98965
2.00022
2.00755
2.0014
2.00309
1.99776
1.99315
1.99655
1.99535
1.98582
2.02132
1.99532
2.00315
2.01799
1.98583
1.99903
2.01034
1.99916
2.01714
2.00017
2.01562
1.99497
2.0089
2.00352
1.9993
2.00304
2.00477
2.0009
2.01374
2.03316
1.98147
1.98433
2.01743
1.99991
1.9817
2.00011
2.00612
2.00458
1.98651
1.9842
2.00517
2.01133
2.02374
1.98547
2.02582
2.01989
1.99415
2.00177
2.00654
1.98406
1.9934
1.99407
2.01193
2.00777
1.98128
1.97834
2.00389
2.00831
1.98712
2.00156
1.98381
1.98587
1.99458
1.99855
1.9676
2.01844
1.98831
2.02282
1.99365
2.00297
2.00725
2.00563
1.99199
1.99998
2.01215
2.01894
2.00927
2.01249
2.01969
2.02243
2.01738
2.0071
2.01427
2.01315
2.01657
2.03034
1.99679
1.99033
2.00023
2.03169
1.99853
1.97468
1.99411
1.9991
2.00033
2.00702
1.9893
1.98825
2.00637
1.99013
2.01489
1.98507
2.01584
2.01078
2.02565
2.0078
1.99321
1.96456
1.98005
2.0039
1.98295
2.01605
1.99043
1.99877
2.00691
2.02312
1.98931
2.00008
1.9952
1.97098
2.01021
1.99287
2.00195
1.99617
1.9971
1.99825
2.00236
2.00515
2.00471
2.0117
1.9917
2.0045
2.01472
1.98843
2.01081
2.00918
2.00556
1.97913
2.02276
1.9785
1.97525
2.0171
1.99271
2.02479
1.99133
2.00804
1.99269
2.02506
1.98793
1.97787
2.01008
2.01064
2.00797
1.99212
1.98933
1.99522
1.98993
1.99524
1.97942
2.01629
2.00367
1.96363
2.00659
2.00829
1.99591
1.99784
1.97733
1.99739
2.01536
1.98167
1.9965
2.00512
1.9845
2.00692
1.98092
1.9999
2.02321
2.00663
2.0144
1.97767
1.99447
2.00419
1.98324
1.99001
1.99336
1.97853
1.97146
1.99071
2.01886
1.97813
1.99847
2.0057
1.99829
2.01637
1.9878
2.00031
1.98437
2.01162
2.01392
2.00867
2.00079
1.99529
2.00495
2.00197
2.01689
2.02313
1.98787
2.00989
2.00239
2.00585
1.99687
1.98472
1.98592
1.98759
2.00181
2.0113
2.00819
2.00369
2.00469
2.00455
2.03045
1.98721
2.0133
2.01053
1.99901
1.99813
2.00724
1.97747
1.9979
1.99649
2.01212
1.98485
1.9831
2.00609
1.99527
1.99727
1.97918
1.98575
1.99375
2.01129
1.99831
1.99195
1.96968
2.0077
1.98649
1.98961
1.98101
1.98864
1.9807
1.98111
2.00803
1.9972
2.02678
2.00414
2.02323
1.99046
2.00553
2.02004
1.99461
2.01278
1.97552
1.98147
2.00596
2.0249
2.01732
2.01471
1.99019
2.00769
2.01101
2.00869
1.9903
2.0005
1.99942
2.00952
2.02648
1.99836
2.00002
1.98784
1.99654
2.00023
1.98721
1.98688
1.99139
1.99692
1.98284
2.00427
1.98372
2.00228
1.99458
1.98099
2.00972
1.99637
2.00538
2.00424
2.00938
1.9927
1.99571
1.99351
1.99879
2.01388
1.99601
2.02186
1.98071
2.01586
2.0061
1.95694
1.98291
2.01428
2.00749
1.98677
2.00463
1.97772
1.98334
2.00149
2.00717
1.99376
1.9823
1.97547
2.02388
1.97899
1.98996
2.00907
2.02091
2.01535
2.02223
1.99587
2.0138
2.00135
1.99648
2.00972
1.99237
2.01791
2.00679
1.99991
2.00815
2.01356
2.00762
1.99609
2.016
1.97501
1.99618
1.9867
1.98492
2.0208
2.00725
1.97459
1.99674
2.00233
2.00108
2.00506
2.0077
1.99317
2.00132
2.00974
1.98196
1.97401
1.99184
2.01103
1.99726
1.99352
1.99828
2.00786
1.97621
2.01862
1.98133
1.99133
1.99141
1.9922
2.0075
1.99203
2.02193
1.98675
1.99727
2.0119
2.00015
1.99342
2.0099
2.03157
2.01792
1.98985
2.00779
1.98658
1.9831
1.9839
1.99627
2.0059
1.98606
1.99779
1.99076
1.97388
1.99886
2.00445
2.02018
2.01858
1.99903
2.00302
2.01776
2.00332
1.99174
2.00337
2.02305
1.99193
2.02119
1.99056
2.01183
2.00113
1.99841
1.99205
1.98143
2.00878
1.98036
1.99089
2.02064
1.98936
2.00041
2.00752
1.99514
2.00074
1.98795
2.00477
2.00116
1.9926
2.01121
1.98081
2.00617
2.00223
1.98467
1.98196
1.99125
1.98155
1.99228
2.01403
2.00072
2.01257
2.01929
1.998
1.97693
2.0213
2.01033
2.01824
2.00796
1.98715
2.01245
2.00137
1.99106
2.00538
2.02002
2.01181
2.00828
1.98657
2.00512
1.98535
1.99037
2.03369
2.01871
1.99143
1.99141
1.99772
1.99821
2.00892
2.00491
2.01834
1.99469
2.00316
2.00999
1.99334
2.0054
2.0292
2.00251
1.99494
2.03128
2.01287
2.0201
1.996
2.02771
1.98682
1.98438
1.98319
2.02961
1.9771
1.99846
2.02019
1.98569
1.98914
1.99239
2.01821
2.00524
2.00187
1.99931
1.99986
1.99678
2.02835
1.99463
2.02469
1.9911
1.99392
2.00167
1.9847
1.98347
2.00563
2.02341
1.99559
1.99996
1.99004
2.00715
1.98777
1.98267
2.00509
1.99115
1.98998
1.99229
2.01741
2.00119
2.01809
1.99636
1.97408
1.99398
2.00219
1.99806
1.98508
2.00977
1.99975
1.98273
2.01531
1.99521
1.98203
1.98218
2.00585
2.01553
2.01476
2.01666
1.98824
2.00369
1.99864
2.01155
1.98866
1.99066
1.98914
1.98222
1.99142
2.00899
2.02174
2.01995
1.98092
1.99069
2.00497
2.0278
1.99933
2.00195
2.00182
1.98178
2.01457
2.02007
2.00453
1.99389
1.99437
1.99712
2.00251
1.99238
2.00495
2.0095
1.9772
2.0046
1.99669
1.99903
2.01316
2.00272
1.99352
1.9903
1.99301
2.00595
2.02544
1.99844
1.99542
2.03248
2.00488
1.99345
1.98763
1.99399
1.98158
1.98688
2.00548
2.01983
1.9984
1.98824
2.00477
2.01478
1.99996
2.00053
1.97503
2.00753
2.00607
2.00022
2.01244
2.0085
2.01477
2.00071
1.99367
1.99748
2.00945
1.99854
2.01302
2.00391
1.9859
1.97973
2.00182
2.00025
2.00121
2.01044
2.02602
2.01024
2.00334
2.00559
2.00766
1.99873
2.00385
1.98631
2.00578
2.0153
2.00146
2.00663
1.9805
1.97778
2.00453
2.00035
1.97484
2.00884
1.97629
2.01431
2.00791
2.00611
1.98687
2.00837
1.98847
1.97259
2.04023
1.98903
1.97487
2.00404
1.99498
1.98665
1.99431
1.99884
1.99567
1.99696
2.01438
2.02662
1.99469
2.00466
1.99781
1.99236
2.00048
2.00073
2.01277
1.98692
2.04561
1.98443
2.01348
2.01743
2.01354
1.98341
2.01018
2.03435
2.0167
2.0126
2.00577
1.99691
2.01089
2.00207
2.01243
1.99129
1.98748
1.99082
2.00355
1.97929
1.9846
1.98095
1.99908
2.00546
2.00189
2.00183
1.98473
1.99286
1.98887
1.98414
1.99392
1.98394
2.00619
2.01111
1.99117
2.01055
1.97259
2.01756
1.99939
2.00703
1.98271
2.01517
2.01299
2.00665
2.01035
2.02082
1.99921
2.01368
2.01489
2.00355
1.99435
2.00084
2.0107
2.00428
1.98168
2.02885
1.97175
2.02392
1.99052
2.01903
2.00815
1.98883
1.99012
1.99256
1.99697
2.01803
2.00841
2.00705
2.00893
2.00546
2.00031
2.02036
1.98377
1.99961
1.99261
1.9752
2.01709
1.99374
2.00389
1.9947
1.98273
1.99054
2.01085
2.00303
1.99883
2.00383
1.98716
1.98766
2.00379
1.99184
2.00744
2.0002
1.98987
1.99827
2.01565
2.01146
2.00076
1.9879
2.00207
1.99958
1.99433
1.99735
2.00276
1.99875
2.00543
1.98393
1.98424
1.99311
2.01314
2.00432
1.98763
1.97826
1.99344
2.00014
1.98756
1.98673
1.99073
1.98852
2.00281
2.01501
1.98422
1.99009
1.99851
2.02974
2.00942
1.98131
1.99519
2.00517
2.01999
1.98801
1.99253
2.01818
1.98205
1.99008
2.00826
1.99467
1.99534
2.01543
2.02038
2.00077
1.99607
2.00007
1.97365
2.0023
2.00318
2.01662
1.98963
2.00032
1.97969
2.01151
2.02078
2.02515
1.98965
1.99621
1.97822
2.01408
2.01255
1.9767
1.99557
2.00134
2.00752
2.00645
1.98994
2.00153
1.98193
2.02916
1.98194
2.00353
2.00276
1.98607
2.0108
2.01346
1.99957
1.98387
2.00678
2.00978
1.98818
2.01059
2.00149
1.98495
2.00044
2.00747
1.99247
1.98398
1.98507
2.00903
2.01704
2.01917
1.99796
2.0138
2.0073
2.00849
2.02371
1.99314
2.01257
1.99915
2.0129
1.99312
1.99504
1.99856
1.9946
1.97346
2.0177
1.98961
1.98238
2.01663
1.97024
2.0049
2.00604
1.99969
2.01531
2.00372
1.98976
2.00287
1.99589
1.98692
2.00523
1.98841
2.00792
2.00579
2.00373
1.99784
1.95446
1.99254
2.01876
2.016
2.01141
1.98458
1.99593
1.97969
2.03094
2.01257
1.97466
1.9974
2.02751
2.02231
2.0047
1.99344
1.99535
2.00126
2.01319
2.01928
1.97694
2.00161
2.0141
1.97364
2.00002
2.00661
2.00349
1.97399
1.99038
2.00947
1.98726
1.99977
1.97739
1.99737
2.0161
2.01058
1.99088
2.00996
2.00251
2.02609
2.01282
2.01532
2.02316
1.99922
1.98856
1.99549
1.98768
2.03089
2.01168
2.00586
2.00603
1.97799
2.01229
1.99015
1.98042
1.98624
2.0166
1.98421
1.99319
2.02036
2.00066
1.9927
1.98587
1.9925
2.01594
2.00467
2.02723
1.98294
1.97433
1.98921
2.0015
2.00697
2.00208
1.98189
2.01723
2.0013
2.00212
1.99405
2.01113
2.00567
1.99646
2.00671
1.98426
1.97143
1.98699
1.99635
1.99962
1.97801
1.98156
1.99681
2.00148
2.02039
1.99931
2.00406
1.98273
2.01416
1.98891
1.98363
2.00981
1.99659
2.00525
1.98816
1.9951
2.00243
1.99351
1.99445
2.0266
2.00052
2.02243
2.00238
2.00152
1.99702
1.99307
2.01491
1.99244
2.0017
2.00143
2.01676
1.99777
1.99614
2.00806
1.99974
2.00819
2.0018
2.0047
1.96183
2.023
2.03461
2.00144
2.0028
1.99863
2.02419
2.00455
1.99371
2.00131
2.02386
1.98537
1.99688
1.98004
2.01755
1.99639
1.99338
1.99842
2.00754
1.98965
2.01479
2.00055
1.97331
2.00672
2.00593
2.00794
2.01374
1.98231
1.98466
1.99602
2.00829
1.99615
2.00933
1.99357
1.99389
2.01322
1.99583
1.99531
2.00864
1.97602
2.0082
1.99229
1.96964
1.98284
2.0019
2.01766
2.01078
2.02446
2.02027
2.01795
2.00929
1.99839
2.01762
1.99261
1.99057
1.99873
2.0191
1.97523
2.01422
2.01099
2.01499
2.00575
1.98666
1.98667
1.97694
2.02471
1.98475
2.03394
2.01248
2.00218
1.99035
2.00779
2.0127
1.97945
2.00862
1.9913
1.99118
1.97465
1.98829
2.00269
2.01353
2.01489
1.9952
1.9949
1.99327
1.99166
2.00863
1.98401
2.01783
2.01987
2.00096
2.02434
2.00776
2.01073
1.97281
1.97657
1.97904
1.99381
1.98887
1.97885
2.01007
2.00102
2.02827
1.99643
1.98901
1.98996
2.01999
2.01169
1.99458
2.00424
1.99651
1.99883
2.01167
1.99586
1.9844
1.99724
2.01051
1.994
1.99378
2.00361
1.99902
1.98188
2.01533
1.9991
2.02201
2.0067
1.98105
1.9973
1.97257
1.97056
2.00212
2.00479
2.00872
1.98749
1.98286
1.9964
1.99572
1.98438
1.98603
2.01257
2.00627
2.00091
2.00341
1.99729
2.00384
1.9647
1.99768
2.00005
1.98743
1.98052
2.00318
1.96816
1.97918
1.99414
2.02975
1.97609
1.98517
1.97902
1.99879
2.0144
1.99695
1.99568
1.994
2.00489
2.00006
2.00024
2.00011
1.98789
1.96471
1.99705
2.01392
1.98658
1.98321
1.99762
2.00827
1.98752
1.98017
2.00076
2.01514
1.98893
2.009
1.98126
1.99246
1.98908
2.00258
2.02523
2.01087
2.02291
1.96568
2.00504
1.99252
2.0166
2.01891
2.03174
2.01123
1.99585
2.00318
1.9931
1.99967
1.99436
1.99864
1.99523
2.00825
2.00439
1.99942
2.00066
1.9626
1.99322
2.0052
1.9904
1.99731
2.00699
1.985
1.97693
1.96515
1.99077
1.98247
1.98889
2.00193
2.00816
1.99723
2.00445
2.00805
1.99402
1.9995
1.99011
1.99512
2.00086
2.01286
2.00822
2.03841
1.98126
1.98758
2.01864
2.01556
2.00878
1.99419
2.00057
1.99998
1.99886
2.02014
1.99225
2.00433
2.00751
2.01876
2.00831
2.01513
1.99898
1.99692
2.00608
1.97833
1.99085
2.01751
2.00763
2.00197
1.98364
2.00835
2.02272
2.01984
2.02167
1.98578
1.99483
1.98909
2.00954
2.00176
2.01309
2.02935
2.02364
1.99845
1.97218
2.00415
2.01845
2.0058
1.99446
2.01428
1.9941
2.01242
1.98494
1.98686
1.97989
2.02859
2.01724
2.00252
2.0061
1.99251
1.98413
1.99429
2.01227
1.9973
2.01437
2.01446
2.00209
1.99615
2.00247
2.00753
2.0029
2.01296
1.99932
1.98527
2.01459
1.99304
1.99911
2.00507
2.01025
1.99687
1.9784
1.98878
1.99207
1.9893
2.00099
1.98292
2.00895
1.9959
2.00579
2.01041
1.98881
1.99592
2.00418
2.00093
1.95579
1.99413
1.97208
1.98984
2.01853
2.02291
2.01269
2.01024
2.0143
2.00381
2.00275
1.97495
1.99075
1.99569
1.98466
2.0017
2.02146
1.97584
2.01438
2.00103
2.00062
2.02377
1.98242
1.99609
2.01426
2.00771
1.99495
1.99494
1.9796
1.97666
2.01246
2.00911
1.99497
2.00947
1.98249
2.01398
2.00792
2.02218
2.01616
1.98028
2.00336
1.97925
1.99475
2.00334
2.02953
1.98227
2.00788
1.98926
1.9614
1.98968
2.00034
1.9719
2.00346
1.98256
1.99629
1.99249
2.01621
2.00944
2.01639
2.00905
1.997
2.0052
1.97946
1.99086
2.01637
1.98452
2.00079
2.01768
1.99992
1.9818
2.01244
1.99238
2.01903
2.00303
2.00519
1.97722
1.98251
2.00598
2.00056
2.0282
2.01091
2.00756
1.98632
1.97972
2.00405
1.98179
1.99312
2.00564
1.98096
2.0234
1.99067
2.02207
1.98466
1.99092
2.0173
2.00944
2.0082
1.99271
2.00023
2.00626
2.0015
1.99158
2.00684
2.00695
2.01386
1.9636
2.02068
2.00282
1.99221
2.01393
1.97292
2.01589
1.98753
2.0167
2.01521
1.99338
1.97663
1.99465
2.0086
1.98853
1.98641
1.97842
1.96696
1.98052
2.00374
1.99143
1.99825
2.00032
2.00654
1.99436
1.99678
1.97893
2.00954
1.99075
1.9929
1.99156
1.99374
1.99709
2.03246
2.00429
2.01978
1.97798
1.98791
2.0036
2.02553
2.00343
1.97307
1.99982
1.99993
2.00614
2.0049
2.01833
1.98909
1.99983
1.9988
2.00882
1.99912
1.99691
2.00502
1.98804
2.02216
1.98672
2.00192
1.97792
1.99574
1.98248
2.00397
2.02026
2.0083
1.99578
1.9871
1.99134
2.01814
1.98901
2.00059
1.99758
2.00183
1.99829
2.00896
1.99136
1.98536
1.98677
1.966
1.99145
2.00209
2.02372
1.97189
1.99826
1.96778
2.01324
1.9983
1.9912
1.99077
2.01021
2.00444
1.99187
1.9856
2.00878
1.99453
2.02452
2.00731
2.00879
2.00671
2.01824
1.98917
1.98463
1.98316
1.99515
1.98397
2.00388
1.96972
1.99627
2.00654
2.0074
1.98771
1.98956
2.00263
2.0108
2.00985
2.00015
2.01744
1.98947
1.99776
1.99132
1.97956
1.9985
2.00879
1.97703
1.99417
2.00196
2.02904
1.99616
1.99263
2.0049
2.01042
1.98966
2.00234
1.98094
1.99739
1.99818
1.99876
2.01213
1.99709
1.9956
1.98238
2.0117
1.99548
2.00797
1.98138
1.99657
2.0005
1.98699
1.99425
1.98393
2.00064
2.00021
2.00477
1.98532
1.99654
1.98198
1.98474
2.00009
1.9996
2.00765
2.00109
1.98952
2.00928
1.99632
2.0013
2.00562
2.02355
1.98955
2.02318
2.02205
2.0001
1.98936
2.0029
2.00191
2.00076
2.01335
2.00546
1.99628
2.02346
1.99787
2.00289
1.99945
1.98683
1.99684
1.97992
2.00272
2.00864
2.00342
2.01423
1.99534
1.99602
2.01266
2.00971
1.9926
1.9775
2.01141
2.00062
1.99199
1.9621
2.02699
2.00649
1.99939
2.01951
2.00646
2.01116
2.01662
2.01753
2.00801
1.98354
2.00269
2.00056
2.00331
2.00724
1.99858
1.99585
2.01134
1.9992
1.98984
1.99488
1.98151
2.01964
2.00881
2.00082
2.02399
2.01201
1.98939
1.99649
2.0177
1.99281
2.02508
1.99676
2.0011
2.0093
2.01618
2.00967
2.01143
2.00442
1.9944
2.03303
2.0217
1.99607
2.01604
2.01016
1.99919
2.00943
2.00709
1.98909
2.01853
2.03647
1.99314
2.00317
2.00292
1.99217
2.00266
1.9714
1.99921
1.99218
1.9929
2.01076
2.01426
2.00218
1.98737
1.98742
1.99959
2.00805
1.99493
2.00566
2.00534
1.98552
1.99265
1.97174
2.02647
2.02128
1.99399
2.00594
1.99577
2.01665
1.98293
1.98945
2.01201
1.99644
1.96337
1.9983
2.01644
1.99978
2.01443
1.99511
1.98677
2.00358
2.02116
2.01899
1.97887
2.00866
1.97185
2.01265
2.007
1.99167
2.01174
1.9949
1.99684
2.01017
2.00747
2.0204
1.99377
2.00406
2.00644
1.99071
2.0055
1.96585
2.0135
2.01104
2.02286
2.01426
2.00821
1.98435
1.99454
2.01634
1.9969
2.01953
2.01831
1.99452
2.00233
2.00636
1.99664
2.00107
1.98931
2.00514
1.9942
2.03442
2.00132
2.0105
2.02358
2.00974
1.97444
2.02779
1.99729
1.97308
1.99529
1.9772
1.99758
2.00843
2.01985
1.99295
2.00699
2.0059
1.98775
1.99012
1.9907
1.99503
1.97345
2.01514
1.98237
2.01378
2.01312
1.99048
1.99552
1.99497
2.00148
1.994
2.00209
1.97555
2.0143
1.99595
2.00503
1.99346
1.99692
1.97119
1.98809
1.97468
2.01787
2.00664
1.98456
1.99685
1.99822
2.00742
2.01275
1.99952
1.98691
1.99121
2.02434
2.01059
1.99982
2.01859
1.977
2.00993
2.01025
2.0096
1.98655
1.97368
1.98759
2.0031
2.00583
2.00563
1.98216
1.97717
1.99973
1.98808
1.99815
1.98611
1.99614
1.99394
1.9952
2.01444
2.01687
2.00143
2.02051
1.99336
2.0078
2.00013
2.03378
1.98102
2.00314
2.01555
1.99778
2.00758
2.00045
2.00627
1.97893
2.00972
1.99615
1.98313
1.99253
1.98029
1.99827
1.99117
2.02638
1.9984
1.99478
1.99724
2.00206
1.99466
1.97508
2.00501
1.98935
1.99706
1.96837
1.98362
1.99059
1.99963
2.00972
2.02233
2.01075
2
2.00051
1.99096
2.00802
2.024
2.00826
2.00826
1.9863
1.98381
2.00249
2.00375
1.98507
1.99227
2.00899
1.98338
1.98438
2.01634
1.97508
1.99953
2.00453
1.98777
1.9998
2.00849
2.01024
2.00062
2.02066
2.0013
2.0119
1.99159
2.02898
1.99598
2.00003
2.00031
1.98891
1.97952
1.97321
2.02154
2.01711
1.97521
2.02533
2.00106
1.99686
1.99459
1.99664
1.99585
2.00679
1.9929
1.99913
1.99779
1.97957
2.02122
1.99145
1.97126
1.99344
2.01144
2.01706
2.03302
1.99939
2.02124
1.99873
2.01735
1.97067
2.00136
2.02725
1.99541
2.00063
1.9847
2.00986
2.00445
1.98627
2.00199
1.99007
1.98549
1.99958
2.01196
2.00402
2.0031
1.99255
2.00165
2.00448
1.97822
2.0137
1.9796
1.9899
2.02302
1.99551
2.00061
1.99776
1.99284
2.02309
2.0078
1.96665
1.99339
1.98849
1.99907
1.99668
2.023
2.00134
1.99492
2.00392
1.98519
2.00294
2.01424
1.99956
2.00507
2.01735
1.98848
2.00236
1.99961
2.01072
1.98668
1.99417
1.98525
1.98791
2.00834
2.00122
1.97591
2.0138
1.99366
1.99843
2.01555
2.00193
1.98426
2.00912
1.99873
2.01661
2.00259
1.99806
2.0147
1.994
1.99493
2.0043
2.00677
2.01927
1.98905
2.00722
2.00712
2.00265
1.99628
2.01636
1.98471
1.98892
1.99829
2.00922
1.99995
2.00229
2.00214
2.00895
1.97583
2.01996
2.00985
1.99667
2.00234
1.99986
1.99373
1.99311
1.9945
1.99159
2.0144
1.99935
1.97677
2.02479
1.97687
2.0221
2.0149
2.01113
2.0044
1.98682
1.98142
1.99347
2.02889
1.99291
1.99999
1.99244
1.97869
2.01642
1.99135
2.01785
1.99813
1.99417
2.0075
1.95486
2.02142
2.00852
2.01253
1.96382
1.99421
1.99082
2.00511
2.00745
1.99124
2.01264
2.029
2.00917
1.99671
1.98019
2.00656
2.00038
1.9789
1.9872
1.99963
2.00115
2.00499
2.00628
2.00871
2.0266
2.02085
2.00525
1.9911
2.01019
1.99806
1.99867
1.99985
1.98116
2.01467
1.99491
2.00244
1.96851
2.00985
2.01946
1.9778
1.99217
2.01159
1.98088
1.99218
2.01346
1.96
2.01405
2.00488
1.99435
1.9886
1.99463
1.99203
1.99673
2.00567
1.9924
1.99978
1.97346
1.98767
1.99654
1.99897
2.02092
1.99054
2.00639
1.99928
2.00161
1.98936
2.00151
1.99193
1.9813
1.99893
1.97818
2.00562
1.99916
2.01242
2.01579
2.02215
1.96916
1.99493
1.98836
1.96412
1.98172
2.00603
1.97854
2.03313
1.99407
1.99474
2.01155
1.97844
2.02022
1.99389
1.97825
1.9965
2.01454
1.9975
2.02359
2.00316
2.0087
1.98072
2.02254
2.01737
2.03416
1.99866
2.00271
2.00856
1.99055
1.9944
2.02489
2.00965
1.96464
2.02577
1.99989
2.00756
2.00267
1.99515
1.99268
2.00432
2.0088
2.02455
1.98832
1.99294
1.99053
1.99636
2.05804
2.01383
2.03555
2.01607
1.98377
2.01173
1.97497
2.00221
2.03602
1.9884
1.99268
1.99801
2.03302
2.00902
1.98982
2.00201
2.00189
1.9838
2.00638
1.99647
1.99269
1.98161
1.99678
2.00929
1.9961
1.99958
2.00706
2.01032
2.0022
1.99006
1.99108
1.97825
2.00665
1.99746
1.98571
2.02336
2.01769
1.99744
2.01679
2.00532
2.01607
2.00958
2.01385
2.00351
2.00508
1.98015
2.01072
1.98386
2.01285
2.02393
2.0095
1.99619
1.99319
2.01425
1.98484
2.00022
1.98579
2.01174
2.01141
2.01314
2.00004
2.01526
2.01795
1.98853
1.99801
1.98564
1.97981
1.99825
2.01262
1.99664
2.01058
1.98392
1.99165
1.98114
2.00863
1.9916
2.00075
1.9849
2.02251
2.01635
2.00888
1.98786
2.00338
1.98283
1.99894
1.98584
1.98238
2.01038
1.98396
1.99511
1.96283
2.01416
1.99813
2.00188
1.99098
1.99405
1.97646
2.0111
1.99851
2.04229
2.02484
2.00543
2.01704
1.99426
2.01889
1.99439
2.00204
2.00629
1.99169
1.99483
1.97076
2.0122
2.01602
1.99262
1.99748
2.00804
1.99648
2.01332
2.01808
1.99321
2.01078
2.02162
1.99056
1.99055
2.00215
2.00466
1.99462
1.97756
1.99988
1.99787
2.01266
1.98227
2.02031
2.00368
1.99286
1.99277
1.97787
2.00074
1.98882
2.01207
2.00082
1.99155
2.02031
1.99583
1.98538
2.01278
2.01496
2.00472
1.99618
2.0058
2.00008
1.98299
2.00153
1.99498
1.99069
2.01568
1.99779
1.97281
1.99056
1.98107
1.98841
2.0114
2.04079
1.99703
2.01396
2.014
2.00321
2.02369
2.02023
2.00973
2.00069
1.99192
2.01033
2.00216
1.98704
2.00373
2.02079
1.98423
1.97797
2.02431
2.00672
2.00806
2.0166
1.99854
1.99892
2.01907
1.99048
2.00093
2.01339
1.97949
1.99037
2.02172
2.00496
1.98836
1.97555
2.01522
2.01383
1.99272
1.99006
1.98354
2.01402
2.00315
2.00472
2.0005
1.99833
1.9972
1.99295
1.9994
2.0145
2.01443
1.99867
1.97726
1.99529
2.01737
2.00358
1.97369
1.99074
1.99009
2.00602
1.97976
2.02055
1.99337
1.9908
1.98648
2.00451
2.02791
2.02369
1.98258
2.01487
2.01407
1.99429
1.99269
1.99282
1.98367
1.99271
1.97903
2.00926
1.9919
2.03192
1.99491
2.01407
2.00558
2.01096
2.00339
1.98469
2.0115
2.00879
1.98574
2.02921
1.97478
2.00116
1.97763
2.01972
1.99587
2.01032
2.00246
2.01645
1.99347
1.98229
2.02971
2.00515
2.02197
2.03124
1.99967
2.00303
2.01137
1.98372
2.00106
1.98105
1.9996
2.00834
2.00861
1.99153
2.01644
2.0087
1.99555
1.98346
1.99105
2.02764
2.01995
2.0165
2.02899
1.97742
1.98218
1.98523
2.0053
2.00056
1.98455
2.00713
1.98617
1.99653
1.9829
1.99623
2.00291
1.98368
2.00839
2.02243
1.99633
1.9651
1.98846
1.99654
2.02964
2.01065
2.00196
2.00347
2.01502
2.00047
2.00106
1.9779
2.00935
1.97945
2.0052
1.99733
1.98685
1.98901
2.00398
2.01663
1.99386
1.98524
1.97591
1.98491
2.00334
2.0144
1.98205
1.98621
2.02534
2.00142
2.00081
1.99484
2.01227
2.01174
1.99963
2.00802
1.99437
2.01035
1.97316
1.99106
2.0084
2.009
2.00608
1.98641
2.00894
2.01044
1.99756
2.00874
1.99952
1.99962
1.98611
2.02086
2.01445
2.00707
1.98484
2.00054
1.99503
1.99258
1.99455
2.01869
2.01006
1.97394
2.03073
1.99053
1.99375
1.98008
2.00588
2.01359
1.99214
2.00949
1.99114
1.98617
1.98505
1.97156
1.9887
1.98877
1.97412
2.01283
1.99242
1.99931
2.00846
1.98698
2.02729
2.01189
2.00651
2.01141
2.00512
1.98471
2.00001
1.99045
1.98686
2.01466
2.00852
1.98898
2.00812
1.99685
1.97988
2.01048
2.00787
2.02046
1.99483
1.98642
2.0029
1.97453
1.99169
1.98366
1.99586
2.00637
2.02253
1.97989
1.97231
1.98713
1.99184
2.00217
1.97929
1.98213
1.99567
1.99731
1.99864
2.0016
1.99036
2.02254
2.02247
1.99776
2.00067
1.98731
2.0234
1.99881
1.98415
1.99905
1.9959
1.96535
1.98393
2.0024
2.00129
2.00065
2.00694
1.98056
1.99795
2.00303
1.99708
1.97835
2.00888
1.99456
2.02161
1.99063
2.01272
2.00155
1.99597
1.99609
2.00899
1.98157
1.9961
1.99476
1.99257
2.00108
1.99467
1.97177
2.00341
2.00858
2.01925
2.00686
1.98418
2.00892
2.01271
2.00045
2.00527
1.98709
1.99876
2.01924
1.98576
2.00101
1.99718
1.995
2.00284
2.0298
2.01844
2.00587
1.97525
2.00021
2.01399
1.99311
1.98622
1.99487
1.99836
1.99623
2.00649
2.02241
2.00154
2.00035
2.01701
2.01393
2.01243
1.99603
1.97998
2.00376
2.02178
1.99701
1.98364
1.98227
1.98637
1.98195
2.01569
1.97705
1.98988
2.00655
1.98878
1.99641
2.00143
2.02258
2.00077
2.00617
2.00796
1.99527
1.99884
1.99171
1.99235
2.01602
2.00477
1.97648
1.98734
1.97684
1.9721
2.01445
2.01862
1.99189
2.0052
2.00742
2.00916
2.00502
1.99144
1.99598
1.99803
1.9778
2.02146
2.00366
1.98959
1.98512
1.97904
1.99169
2.00193
2.01287
1.98571
1.98317
1.97184
1.9851
2.00341
2.00801
2.00584
1.99658
2.0002
1.98953
2.01363
1.99854
1.98119
1.98731
1.97902
2.01462
1.97846
1.99746
2.0273
1.97075
2.01028
2.0169
1.9795
1.99504
1.98535
2.03583
2.00418
1.98749
1.99076
2.0115
2.00147
1.99645
2.01673
1.99009
2.00341
1.99794
2.00669
1.99836
1.98843
1.98669
2.01487
2.01849
1.97385
2.00213
1.97543
1.97182
1.99446
1.97964
2.01972
2.01043
1.99668
1.98536
1.99569
2.00892
2.03827
2.01375
1.99225
2.0165
1.99783
2.00996
1.99533
2.01372
2.01461
1.98844
2.01507
2.00433
1.99598
2.01483
2.00219
1.99214
2.01432
1.99424
1.99327
1.98935
2.00087
1.9981
2.00967
1.97506
1.978
2.0015
1.97607
1.99498
1.99429
2.0037
2.00617
2.00619
2.00058
2.0174
1.98265
2.0039
2.02507
2.0055
1.98587
1.99157
1.98449
2.00845
2.01027
2.04109
2.03033
2.01339
2.00934
1.99761
1.98823
2.00487
1.98091
1.99902
2.00876
2.01885
1.98268
1.9812
2.01075
1.98672
1.99523
1.99649
1.98563
1.99049
2.00155
2.01255
1.97374
2.03641
2.00289
2.00578
2.01075
1.99083
2.00383
2.00666
2.00223
1.99767
1.98529
2.00402
2.02581
1.9866
2.00627
2.00091
2.01221
1.98309
1.99114
2.01129
2.01648
2.00372
2.00305
1.99703
2.00895
2.00047
2.00291
1.98606
2.00599
2.00218
1.96986
1.98072
2.01584
1.98174
1.9913
1.98071
1.99813
2.02386
2.0069
2.01882
1.99119
1.98536
1.97878
1.99665
1.99428
1.98886
2.01527
2.00616
1.97304
2.00519
2.00024
1.98732
2.0104
1.98881
2.00469
1.9987
2.00894
2.00807
2.00192
2.00524
2.00142
2.00091
1.98647
2.00334
1.99651
2.0194
2.00663
2.01163
1.99599
1.98588
2.01524
2.00521
2.00149
2.00564
2.01701
1.99271
2.01327
1.99676
2.00984
2.00167
1.98723
1.9925
1.98843
1.99452
2.00059
1.99494
2.01501
2.02536
2.00221
2.00464
1.99604
1.98369
1.99023
1.99957
2.00534
1.98768
1.99653
1.98182
2.02163
2.00402
1.98386
2.00195
1.99499
2.00125
1.99103
2.00212
1.99171
1.97861
2.00037
2.0002
2.02114
1.9843
1.98064
2.03727
2.00266
1.99441
2.02759
2.00312
1.98785
1.98191
2.02445
1.98922
1.97957
2.01207
1.99305
2.00097
2.00352
2.00159
1.99381
1.97108
1.98865
1.99502
1.99996
1.99862
2.00828
2.03258
1.98176
2.00287
1.98902
2.00207
2.0128
2.02471
2.00701
1.9799
2.01021
1.97894
2.01497
1.9821
1.99404
2.01909
1.99532
1.97242
1.99277
2.02232
2.0027
2.00716
2.00562
1.99775
1.99942
1.99627
2.00532
1.97837
1.98797
2.04208
1.98262
2.00042
2.01813
2.00315
2.00409
2.00807
2.01037
1.99497
2.00425
1.98315
1.99465
1.97834
2.00396
1.99061
2.03121
1.98834
1.9924
1.98787
1.98981
1.99163
1.98735
2.01935
2.02265
1.98747
2.00334
1.98318
2.02193
1.99378
1.98135
1.99045
1.99656
1.9682
1.987
1.99774
1.98236
1.99298
1.99077
1.98821
1.98662
2.00134
2.00913
2.01846
2.00847
2.00796
2.01621
1.98852
2.00163
2.00841
1.98485
1.98558
2.02366
1.99714
2.01289
2.0002
1.98923
1.99725
2.01945
1.98019
1.99612
2.00833
1.99374
1.98783
1.97957
1.99828
1.9565
2.024
2.00841
1.98421
1.97725
2.01681
2.00971
2.00458
1.98816
1.99311
2.01288
2.004
1.99407
2.00855
2.00218
2.02033
2.00183
2.00664
1.99525
1.98534
1.99905
2.00651
1.99641
1.9893
1.99547
2.00419
2.02073
1.99238
2.01209
1.98838
2.00188
1.99135
2.00622
1.9911
2.00645
1.99768
2.01371
2.02345
1.99857
1.99065
1.98991
1.98
2.00208
2.044
2.00745
2.01167
1.99915
2.02739
2.01992
2.01427
2.02035
1.99901
1.99901
1.98545
2.00293
1.99331
1.99311
2.01613
1.97893
1.99792
1.99225
2.00101
1.97938
2.02339
2.00581
2.00316
1.99643
1.98971
1.99184
2.01649
1.99687
2.00798
1.99798
1.99901
1.97657
1.99537
1.96898
1.98066
2.03362
1.99374
1.99178
1.98516
2.00947
2.0031
1.99893
2.02026
1.98179
2.01124
1.9862
2.00223
1.99997
2.00582
1.98372
2.01068
1.98453
1.99923
2.01973
2.01177
1.9957
1.97831
2.00332
1.99076
2.00018
1.98728
1.97707
2.00182
2.00059
1.9852
2.00693
2.00354
2.01257
1.97346
2.00982
1.97642
1.99097
2.03314
2.01403
1.99687
2.00187
2.00005
2.01702
2.00398
2.00101
2.0095
1.97713
2.00839
1.99747
1.99454
1.98513
1.99115
2.02005
2.01819
1.99792
2.00894
1.99933
1.98832
1.99474
1.9962
1.9729
1.9889
1.98657
1.9986
1.98338
1.98374
1.99291
1.99807
2.02756
2.00625
2.00985
2.00491
1.98777
1.98741
2.00114
2.02745
1.99847
2.02122
1.99582
2.0102
2.02832
2.00643
2.00877
2.01411
2.01145
2.01953
1.99437
1.98877
2.00276
1.98987
1.99243
2.00538
1.98771
2.02094
1.98746
2.00185
2.00478
2.02224
1.99891
1.96501
1.9813
2.014
1.98914
2.02912
2.00042
1.98196
1.99029
2.00755
1.9764
1.97261
2.00807
1.99914
2.02801
2.00591
1.99638
2.02508
2.01157
1.99382
2.00298
2.01534
1.99178
1.98395
2.02178
2.01631
2.02817
1.99931
2.00918
2.0106
1.99359
1.9911
2.00667
2.01364
2.02246
2.00502
2.00538
1.98672
2.0197
2.01226
1.99422
2.00986
2.00097
1.99817
1.97432
1.99751
2.02578
1.99848
1.98547
2.02662
2.00804
1.97824
1.97618
1.99655
1.99279
2.00653
1.99329
2.00836
1.98227
2.00531
1.97543
1.98694
2.01063
1.97719
2.01266
1.99426
1.98077
1.99112
2.00691
2.00682
2.0106
2.00949
2.00716
2.01779
2.0091
1.99034
1.99881
1.97655
1.98835
2.02383
1.99037
1.99145
2.00047
1.97928
2.00854
2.01531
2.00329
2.01369
2.01314
2.0272
1.98988
1.99408
2.00061
2.01641
2.02152
1.98916
2.00059
2.02669
1.9898
2.0043
2.01697
1.99565
1.99643
1.98124
2.01736
2.0053
2.01553
1.98785
2.00578
2.01241
1.9965
1.97856
2.0087
1.99945
2.00252
1.99475
1.98811
1.99188
2.01953
1.99662
1.9938
1.98679
2.0116
1.98891
2.00025
2.02546
2.00111
1.99587
1.9954
1.98665
